7, 88, -1
       82330         59924
       82354         59391
       82335         58901
       81323         58443
       80810         58725
       80867         59689
       82330         59924
6, 89, -1
       81782         61330
       82410         60338
       81190         59724
       80586         60548
       81442         61312
       81782         61330
6, 569, -1
       82759         67325
       82752         66280
       81254         66084
       81120         66544
       81097         67006
       82759         67325
6, 583, -1
       80651         67473
       80637         66477
       79667         66475
       79174         66734
       79160         67205
       80651         67473
6, 568, -1
       82688         62051
       82704         61085
       82684         60554
       82272         61555
       82185         62024
       82688         62051
11, 582, -1
       80023         66194
       81367         65546
       82005         65206
       82017         64685
       81516         64457
       80520         64434
       80026         64690
       79530         64960
       79518         65442
       79539         65958
       80023         66194
9, 581, -1
       78963         64756
       80397         64052
       80408         63554
       80392         62564
       79637         62507
       78928         62861
       78553         64048
       78754         64556
       78963         64756
9, 576, -1
       81005         64062
       82840         63189
       82607         62699
       81993         62054
       81512         61781
       81005         62028
       80974         62552
       80981         63051
       81005         64062
8, 580, -1
       78841         62265
       79850         62252
       80841         61763
       80686         61121
       80329         60518
       79340         61010
       78841         61766
       78841         62265
4, 579, -1
       79921         60233
       80427         59903
       80330         58447
       79921         60233
6, 567, -1
       82798         59526
       83310         59258
       83294         58311
       82801         58526
       82780         59022
       82798         59526
7, 586, -1
       78334         67306
       78769         67019
       79161         66317
       79168         65447
       78757         64964
       78400         66682
       78334         67306
