128,   0,  -2.8E003, Внешний контур нефтеносности,,77800, 57200,0,TRUE,16711680,2,1, 6.99999988079071E-0001,0
 7.80450000000000E+0004    6.79280000000000E+0004
 7.80470000000000E+0004    6.78270000000000E+0004
 7.80490000000000E+0004    6.77670000000000E+0004
 7.80530000000000E+0004    6.76370000000000E+0004
 7.80580000000000E+0004    6.75190000000000E+0004
 7.80630000000000E+0004    6.74430000000000E+0004
 7.80680000000000E+0004    6.73750000000000E+0004
 7.80770000000000E+0004    6.73030000000000E+0004
 7.80880000000000E+0004    6.72300000000000E+0004
 7.81130000000000E+0004    6.70810000000000E+0004
 7.81280000000000E+0004    6.70050000000000E+0004
 7.81130000000000E+0004    6.69310000000000E+0004
 7.81030000000000E+0004    6.68610000000000E+0004
 7.80950000000000E+0004    6.67600000000000E+0004
 7.80910000000000E+0004    6.66530000000000E+0004
 7.80930000000000E+0004    6.65770000000000E+0004
 7.81060000000000E+0004    6.64740000000000E+0004
 7.81170000000000E+0004    6.64130000000000E+0004
 7.81380000000000E+0004    6.63130000000000E+0004
 7.81600000000000E+0004    6.62350000000000E+0004
 7.81830000000000E+0004    6.61560000000000E+0004
 7.82280000000000E+0004    6.60040000000000E+0004
 7.82500000000000E+0004    6.59300000000000E+0004
 7.82730000000000E+0004    6.58510000000000E+0004
 7.82930000000000E+0004    6.57790000000000E+0004
 7.83200000000000E+0004    6.56770000000000E+0004
 7.83470000000000E+0004    6.55740000000000E+0004
 7.83670000000000E+0004    6.54980000000000E+0004
 7.83860000000000E+0004    6.54240000000000E+0004
 7.84090000000000E+0004    6.53290000000000E+0004
 7.84290000000000E+0004    6.52340000000000E+0004
 7.84380000000000E+0004    6.51630000000000E+0004
 7.84430000000000E+0004    6.50920000000000E+0004
 7.84410000000000E+0004    6.49970000000000E+0004
 7.84370000000000E+0004    6.48980000000000E+0004
 7.84320000000000E+0004    6.48300000000000E+0004
 7.84240000000000E+0004    6.47420000000000E+0004
 7.84180000000000E+0004    6.46890000000000E+0004
 7.84080000000000E+0004    6.46030000000000E+0004
 7.83990000000000E+0004    6.45310000000000E+0004
 7.83680000000000E+0004    6.44580000000000E+0004
 7.83080000000000E+0004    6.43140000000000E+0004
 7.82790000000000E+0004    6.42370000000000E+0004
 7.82520000000000E+0004    6.41640000000000E+0004
 7.82290000000000E+0004    6.40740000000000E+0004
 7.82510000000000E+0004    6.40130000000000E+0004
 7.82940000000000E+0004    6.39140000000000E+0004
 7.83380000000000E+0004    6.38390000000000E+0004
 7.83950000000000E+0004    6.37550000000000E+0004
 7.84880000000000E+0004    6.36280000000000E+0004
 7.85430000000000E+0004    6.35110000000000E+0004
 7.85750000000000E+0004    6.34380000000000E+0004
 7.86000000000000E+0004    6.33710000000000E+0004
 7.86190000000000E+0004    6.33020000000000E+0004
 7.86340000000000E+0004    6.32290000000000E+0004
 7.86540000000000E+0004    6.31010000000000E+0004
 7.86650000000000E+0004    6.30030000000000E+0004
 7.86730000000000E+0004    6.28790000000000E+0004
 7.86730000000000E+0004    6.28080000000000E+0004
 7.86690000000000E+0004    6.27410000000000E+0004
 7.86550000000000E+0004    6.26700000000000E+0004
 7.86380000000000E+0004    6.25970000000000E+0004
 7.85980000000000E+0004    6.24460000000000E+0004
 7.85780000000000E+0004    6.23700000000000E+0004
 7.85580000000000E+0004    6.22940000000000E+0004
 7.85400000000000E+0004    6.22190000000000E+0004
 7.85230000000000E+0004    6.21450000000000E+0004
 7.84940000000000E+0004    6.20000000000000E+0004
 7.84800000000000E+0004    6.19290000000000E+0004
 7.84680000000000E+0004    6.18550000000000E+0004
 7.84590000000000E+0004    6.17900000000000E+0004
 7.84490000000000E+0004    6.17000000000000E+0004
 7.84410000000000E+0004    6.16080000000000E+0004
 7.84390000000000E+0004    6.15410000000000E+0004
 7.84400000000000E+0004    6.14680000000000E+0004
 7.84460000000000E+0004    6.13900000000000E+0004
 7.84590000000000E+0004    6.12630000000000E+0004
 7.84760000000000E+0004    6.11360000000000E+0004
 7.84880000000000E+0004    6.10570000000000E+0004
 7.85020000000000E+0004    6.09860000000000E+0004
 7.85190000000000E+0004    6.09160000000000E+0004
 7.85390000000000E+0004    6.08430000000000E+0004
 7.85790000000000E+0004    6.07190000000000E+0004
 7.86130000000000E+0004    6.06250000000000E+0004
 7.86330000000000E+0004    6.04930000000000E+0004
 7.86490000000000E+0004    6.04230000000000E+0004
 7.86770000000000E+0004    6.03500000000000E+0004
 7.87010000000000E+0004    6.03080000000000E+0004
 7.87280000000000E+0004    6.02700000000000E+0004
 7.87910000000000E+0004    6.01940000000000E+0004
 7.88230000000000E+0004    6.01540000000000E+0004
 7.88790000000000E+0004    6.00790000000000E+0004
 7.89110000000000E+0004    6.00200000000000E+0004
 7.89500000000000E+0004    5.99240000000000E+0004
 7.89810000000000E+0004    5.98320000000000E+0004
 7.90020000000000E+0004    5.97480000000000E+0004
 7.90140000000000E+0004    5.96870000000000E+0004
 7.90240000000000E+0004    5.96310000000000E+0004
 7.90510000000000E+0004    5.95340000000000E+0004
 7.91020000000000E+0004    5.94530000000000E+0004
 7.91400000000000E+0004    5.93770000000000E+0004
 7.91700000000000E+0004    5.93370000000000E+0004
 7.92180000000000E+0004    5.92410000000000E+0004
 7.92750000000000E+0004    5.91260000000000E+0004
 7.93170000000000E+0004    5.90390000000000E+0004
 7.93370000000000E+0004    5.89090000000000E+0004
 7.93500000000000E+0004    5.88360000000000E+0004
 7.93680000000000E+0004    5.87670000000000E+0004
 7.93890000000000E+0004    5.87050000000000E+0004
 7.94260000000000E+0004    5.86210000000000E+0004
 7.94660000000000E+0004    5.85380000000000E+0004
 7.94990000000000E+0004    5.84790000000000E+0004
 7.95410000000000E+0004    5.84160000000000E+0004
 7.95670000000000E+0004    5.83490000000000E+0004
 7.96400000000000E+0004    5.83110000000000E+0004
 7.97110000000000E+0004    5.82100000000000E+0004
 7.97760000000000E+0004    5.81550000000000E+0004
 7.98020000000000E+0004    5.80790000000000E+0004
 7.98850000000000E+0004    5.80450000000000E+0004
 7.99370000000000E+0004    5.79440000000000E+0004
 8.00120000000000E+0004    5.78830000000000E+0004
 8.00880000000000E+0004    5.78580000000000E+0004
 8.01890000000000E+0004    5.78230000000000E+0004
 8.02990000000000E+0004    5.77980000000000E+0004
 8.04150000000000E+0004    5.77430000000000E+0004
 8.04750000000000E+0004    5.77020000000000E+0004
 8.05810000000000E+0004    5.76520000000000E+0004
 8.06670000000000E+0004    5.76070000000000E+0004
68,   1,  -1, Внутренний контур нефтеносности,,77800, 57200,0,TRUE,16711680,4,0, 2.00000002980232E-0001,0
 8.21050000000000E+0004    5.99190000000000E+0004
 8.21770000000000E+0004    5.99890000000000E+0004
 8.22020000000000E+0004    6.00220000000000E+0004
 8.22680000000000E+0004    6.00970000000000E+0004
 8.23280000000000E+0004    6.01830000000000E+0004
 8.23890000000000E+0004    6.02710000000000E+0004
 8.24240000000000E+0004    6.03470000000000E+0004
 8.24420000000000E+0004    6.03970000000000E+0004
 8.24520000000000E+0004    6.04480000000000E+0004
 8.24630000000000E+0004    6.05290000000000E+0004
 8.24740000000000E+0004    6.06210000000000E+0004
 8.24870000000000E+0004    6.07180000000000E+0004
 8.25010000000000E+0004    6.07860000000000E+0004
 8.25200000000000E+0004    6.08540000000000E+0004
 8.25510000000000E+0004    6.09430000000000E+0004
 8.25830000000000E+0004    6.10340000000000E+0004
 8.26030000000000E+0004    6.11040000000000E+0004
 8.26190000000000E+0004    6.11760000000000E+0004
 8.26300000000000E+0004    6.12720000000000E+0004
 8.26380000000000E+0004    6.13700000000000E+0004
 8.26340000000000E+0004    6.14400000000000E+0004
 8.26230000000000E+0004    6.15120000000000E+0004
 8.26030000000000E+0004    6.15860000000000E+0004
 8.25640000000000E+0004    6.17020000000000E+0004
 8.26250000000000E+0004    6.19370000000000E+0004
 8.24850000000000E+0004    6.18770000000000E+0004
 8.24480000000000E+0004    6.19330000000000E+0004
 8.24060000000000E+0004    6.19770000000000E+0004
 8.23380000000000E+0004    6.20250000000000E+0004
 8.22700000000000E+0004    6.20640000000000E+0004
 8.22090000000000E+0004    6.20770000000000E+0004
 8.21680000000000E+0004    6.20720000000000E+0004
 8.21300000000000E+0004    6.20550000000000E+0004
 8.20540000000000E+0004    6.19970000000000E+0004
 8.20140000000000E+0004    6.19580000000000E+0004
 8.19480000000000E+0004    6.18890000000000E+0004
 8.18870000000000E+0004    6.18150000000000E+0004
 8.18500000000000E+0004    6.17670000000000E+0004
 8.17920000000000E+0004    6.16870000000000E+0004
 8.17540000000000E+0004    6.16260000000000E+0004
 8.17030000000000E+0004    6.15370000000000E+0004
 8.16530000000000E+0004    6.14480000000000E+0004
 8.16190000000000E+0004    6.13870000000000E+0004
 8.15700000000000E+0004    6.13090000000000E+0004
 8.15410000000000E+0004    6.12640000000000E+0004
 8.14870000000000E+0004    6.11890000000000E+0004
 8.14450000000000E+0004    6.11340000000000E+0004
 8.13870000000000E+0004    6.10570000000000E+0004
 8.13350000000000E+0004    6.09790000000000E+0004
 8.13060000000000E+0004    6.09240000000000E+0004
 8.12910000000000E+0004    6.08480000000000E+0004
 8.12890000000000E+0004    6.08060000000000E+0004
 8.13020000000000E+0004    6.07230000000000E+0004
 8.13190000000000E+0004    6.06800000000000E+0004
 8.13410000000000E+0004    6.06360000000000E+0004
 8.13960000000000E+0004    6.05460000000000E+0004
 8.14280000000000E+0004    6.04960000000000E+0004
 8.14820000000000E+0004    6.04130000000000E+0004
 8.15350000000000E+0004    6.03330000000000E+0004
 8.15730000000000E+0004    6.02810000000000E+0004
 8.16300000000000E+0004    6.02050000000000E+0004
 8.16970000000000E+0004    6.01340000000000E+0004
 8.17430000000000E+0004    6.00910000000000E+0004
 8.18220000000000E+0004    6.00250000000000E+0004
 8.19000000000000E+0004    5.99740000000000E+0004
 8.19770000000000E+0004    5.99210000000000E+0004
 8.20270000000000E+0004    5.98970000000000E+0004
 8.21050000000000E+0004    5.99190000000000E+0004
4,   5,  -1, Административная граница,,77800, 57200,0,TRUE,16711935,0,0, 5.00000000000000E-0001,0
 8.31570000000000E+0004    6.79280000000000E+0004
 8.11300000000000E+0004    6.77800000000000E+0004
 7.92630000000000E+0004    6.75980000000000E+0004
 7.78880000000000E+0004    6.78230000000000E+0004
6,   5,  -1, Административная граница,,77800, 57200,1,TRUE,16711935,0,0, 5.00000000000000E-0001,1
 8.03330000000000E+0004    5.75090000000000E+0004
 8.07660000000000E+0004    5.78730000000000E+0004
 8.10850000000000E+0004    5.80100000000000E+0004
 8.22230000000000E+0004    5.80780000000000E+0004
 8.33050000000000E+0004    5.79750000000000E+0004
 8.38060000000000E+0004    5.82600000000000E+0004
124,   6,  -1, Линия замещения,,77800, 57200,0,TRUE,128,3,1, 2.00000002980232E-0001,0
 8.35330000000000E+0004    5.73780000000000E+0004
 8.35260000000000E+0004    5.74780000000000E+0004
 8.35230000000000E+0004    5.75360000000000E+0004
 8.35140000000000E+0004    5.76660000000000E+0004
 8.35080000000000E+0004    5.77670000000000E+0004
 8.35020000000000E+0004    5.78700000000000E+0004
 8.34970000000000E+0004    5.79860000000000E+0004
 8.34940000000000E+0004    5.80550000000000E+0004
 8.34930000000000E+0004    5.81240000000000E+0004
 8.34940000000000E+0004    5.81900000000000E+0004
 8.34970000000000E+0004    5.82850000000000E+0004
 8.35010000000000E+0004    5.83820000000000E+0004
 8.35060000000000E+0004    5.84540000000000E+0004
 8.35120000000000E+0004    5.85310000000000E+0004
 8.35190000000000E+0004    5.86130000000000E+0004
 8.35310000000000E+0004    5.87450000000000E+0004
 8.35400000000000E+0004    5.88770000000000E+0004
 8.35440000000000E+0004    5.89590000000000E+0004
 8.35440000000000E+0004    5.90330000000000E+0004
 8.35380000000000E+0004    5.91100000000000E+0004
 8.35280000000000E+0004    5.91850000000000E+0004
 8.35040000000000E+0004    5.93330000000000E+0004
 8.34890000000000E+0004    5.94060000000000E+0004
 8.34720000000000E+0004    5.94780000000000E+0004
 8.34530000000000E+0004    5.95450000000000E+0004
 8.34310000000000E+0004    5.96170000000000E+0004
 8.33930000000000E+0004    5.97360000000000E+0004
 8.33600000000000E+0004    5.98370000000000E+0004
 8.33270000000000E+0004    5.99370000000000E+0004
 8.32900000000000E+0004    6.00530000000000E+0004
 8.32690000000000E+0004    6.01230000000000E+0004
 8.32500000000000E+0004    6.01890000000000E+0004
 8.32320000000000E+0004    6.02560000000000E+0004
 8.32140000000000E+0004    6.03280000000000E+0004
 8.31850000000000E+0004    6.04510000000000E+0004
 8.31620000000000E+0004    6.05570000000000E+0004
 8.31390000000000E+0004    6.06620000000000E+0004
 8.31160000000000E+0004    6.07870000000000E+0004
 8.31040000000000E+0004    6.08610000000000E+0004
 8.30960000000000E+0004    6.09310000000000E+0004
 8.30920000000000E+0004    6.10020000000000E+0004
 8.30910000000000E+0004    6.10780000000000E+0004
 8.30910000000000E+0004    6.12050000000000E+0004
 8.30940000000000E+0004    6.13080000000000E+0004
 8.30970000000000E+0004    6.14140000000000E+0004
 8.30990000000000E+0004    6.15170000000000E+0004
 8.31010000000000E+0004    6.16120000000000E+0004
 8.30990000000000E+0004    6.17240000000000E+0004
 8.30960000000000E+0004    6.17900000000000E+0004
 8.30890000000000E+0004    6.18520000000000E+0004
 8.30780000000000E+0004    6.19140000000000E+0004
 8.30630000000000E+0004    6.19840000000000E+0004
 8.30360000000000E+0004    6.20970000000000E+0004
 8.30120000000000E+0004    6.22080000000000E+0004
 8.29970000000000E+0004    6.22790000000000E+0004
 8.29880000000000E+0004    6.23430000000000E+0004
 8.29830000000000E+0004    6.24130000000000E+0004
 8.29810000000000E+0004    6.24820000000000E+0004
 8.29830000000000E+0004    6.26250000000000E+0004
 8.29870000000000E+0004    6.26970000000000E+0004
 8.29930000000000E+0004    6.27690000000000E+0004
 8.30030000000000E+0004    6.28370000000000E+0004
 8.30160000000000E+0004    6.29120000000000E+0004
 8.30390000000000E+0004    6.30300000000000E+0004
 8.30620000000000E+0004    6.31450000000000E+0004
 8.30740000000000E+0004    6.32200000000000E+0004
 8.30830000000000E+0004    6.32860000000000E+0004
 8.30880000000000E+0004    6.33720000000000E+0004
 8.30880000000000E+0004    6.34250000000000E+0004
 8.30850000000000E+0004    6.35150000000000E+0004
 8.30750000000000E+0004    6.35860000000000E+0004
 8.30610000000000E+0004    6.36650000000000E+0004
 8.30330000000000E+0004    6.37900000000000E+0004
 8.30070000000000E+0004    6.38910000000000E+0004
 8.29800000000000E+0004    6.39960000000000E+0004
 8.29520000000000E+0004    6.40950000000000E+0004
 8.29230000000000E+0004    6.41990000000000E+0004
 8.28940000000000E+0004    6.42960000000000E+0004
 8.28570000000000E+0004    6.44160000000000E+0004
 8.28320000000000E+0004    6.44870000000000E+0004
 8.28070000000000E+0004    6.45530000000000E+0004
 8.27770000000000E+0004    6.46190000000000E+0004
 8.27440000000000E+0004    6.46860000000000E+0004
 8.26870000000000E+0004    6.48010000000000E+0004
 8.26450000000000E+0004    6.48870000000000E+0004
 8.25990000000000E+0004    6.49950000000000E+0004
 8.25770000000000E+0004    6.50570000000000E+0004
 8.25640000000000E+0004    6.51180000000000E+0004
 8.25640000000000E+0004    6.51840000000000E+0004
 8.25720000000000E+0004    6.52520000000000E+0004
 8.26030000000000E+0004    6.53920000000000E+0004
 8.26280000000000E+0004    6.54640000000000E+0004
 8.26590000000000E+0004    6.55320000000000E+0004
 8.27140000000000E+0004    6.56080000000000E+0004
 8.27510000000000E+0004    6.56540000000000E+0004
 8.28170000000000E+0004    6.57290000000000E+0004
 8.28660000000000E+0004    6.57830000000000E+0004
 8.29340000000000E+0004    6.58610000000000E+0004
 8.29970000000000E+0004    6.59370000000000E+0004
 8.30390000000000E+0004    6.59980000000000E+0004
 8.30750000000000E+0004    6.60600000000000E+0004
 8.31140000000000E+0004    6.61490000000000E+0004
 8.31490000000000E+0004    6.62390000000000E+0004
 8.31670000000000E+0004    6.63100000000000E+0004
 8.31780000000000E+0004    6.63810000000000E+0004
 8.31830000000000E+0004    6.64770000000000E+0004
 8.31840000000000E+0004    6.65750000000000E+0004
 8.31800000000000E+0004    6.66490000000000E+0004
 8.31740000000000E+0004    6.67250000000000E+0004
 8.31640000000000E+0004    6.68290000000000E+0004
 8.31540000000000E+0004    6.69340000000000E+0004
 8.31480000000000E+0004    6.70120000000000E+0004
 8.31420000000000E+0004    6.70900000000000E+0004
 8.31330000000000E+0004    6.71930000000000E+0004
 8.31220000000000E+0004    6.72990000000000E+0004
 8.31110000000000E+0004    6.73720000000000E+0004
 8.30900000000000E+0004    6.74690000000000E+0004
 8.30760000000000E+0004    6.75270000000000E+0004
 8.30510000000000E+0004    6.76230000000000E+0004
 8.30340000000000E+0004    6.77010000000000E+0004
 8.30160000000000E+0004    6.77830000000000E+0004
 8.29880000000000E+0004    6.79310000000000E+0004
 8.29720000000000E+0004    6.80210000000000E+0004
 8.29640000000000E+0004    6.80710000000000E+0004
1,   8,  -1, Санитарно-охранная зона,ВНК -2320м,78586, 58463,0,TRUE,16711680,0,1, 2.00000002980232E-0001,0
 7.80830000000000E+0004    5.85060000000000E+0004
121,   19,  -1, Фиктивная линия,,77800, 57200,0,FALSE,255,0,1, 2.00000002980232E-0001,0
 7.97840000000000E+0004    5.72730000000000E+0004
 7.96790000000000E+0004    5.74920000000000E+0004
 7.96520000000000E+0004    5.75440000000000E+0004
 7.95920000000000E+0004    5.76610000000000E+0004
 7.95470000000000E+0004    5.77500000000000E+0004
 7.94980000000000E+0004    5.78460000000000E+0004
 7.94520000000000E+0004    5.79360000000000E+0004
 7.94060000000000E+0004    5.80270000000000E+0004
 7.93600000000000E+0004    5.81160000000000E+0004
 7.93150000000000E+0004    5.82050000000000E+0004
 7.92700000000000E+0004    5.82940000000000E+0004
 7.92240000000000E+0004    5.83830000000000E+0004
 7.91790000000000E+0004    5.84720000000000E+0004
 7.91330000000000E+0004    5.85610000000000E+0004
 7.90880000000000E+0004    5.86500000000000E+0004
 7.90420000000000E+0004    5.87390000000000E+0004
 7.89970000000000E+0004    5.88280000000000E+0004
 7.89510000000000E+0004    5.89180000000000E+0004
 7.89050000000000E+0004    5.90080000000000E+0004
 7.88580000000000E+0004    5.91030000000000E+0004
 7.88130000000000E+0004    5.91940000000000E+0004
 7.87600000000000E+0004    5.93060000000000E+0004
 7.87300000000000E+0004    5.93740000000000E+0004
 7.87040000000000E+0004    5.94400000000000E+0004
 7.86800000000000E+0004    5.95070000000000E+0004
 7.86570000000000E+0004    5.95790000000000E+0004
 7.86210000000000E+0004    5.97010000000000E+0004
 7.85940000000000E+0004    5.98010000000000E+0004
 7.85660000000000E+0004    5.99040000000000E+0004
 7.85390000000000E+0004    6.00030000000000E+0004
 7.85130000000000E+0004    6.01010000000000E+0004
 7.84880000000000E+0004    6.01970000000000E+0004
 7.84620000000000E+0004    6.02940000000000E+0004
 7.84360000000000E+0004    6.03910000000000E+0004
 7.84110000000000E+0004    6.04870000000000E+0004
 7.83850000000000E+0004    6.05840000000000E+0004
 7.83590000000000E+0004    6.06800000000000E+0004
 7.83340000000000E+0004    6.07770000000000E+0004
 7.83080000000000E+0004    6.08740000000000E+0004
 7.82820000000000E+0004    6.09700000000000E+0004
 7.82570000000000E+0004    6.10670000000000E+0004
 7.82310000000000E+0004    6.11640000000000E+0004
 7.82060000000000E+0004    6.12600000000000E+0004
 7.81800000000000E+0004    6.13570000000000E+0004
 7.81540000000000E+0004    6.14540000000000E+0004
 7.81280000000000E+0004    6.15520000000000E+0004
 7.81020000000000E+0004    6.16540000000000E+0004
 7.80780000000000E+0004    6.17520000000000E+0004
 7.80500000000000E+0004    6.18720000000000E+0004
 7.80340000000000E+0004    6.19440000000000E+0004
 7.80220000000000E+0004    6.20130000000000E+0004
 7.80130000000000E+0004    6.20830000000000E+0004
 7.80050000000000E+0004    6.21570000000000E+0004
 7.79950000000000E+0004    6.22840000000000E+0004
 7.79880000000000E+0004    6.23860000000000E+0004
 7.79810000000000E+0004    6.24930000000000E+0004
 7.79750000000000E+0004    6.25950000000000E+0004
 7.79690000000000E+0004    6.26960000000000E+0004
 7.79630000000000E+0004    6.27960000000000E+0004
 7.79570000000000E+0004    6.28960000000000E+0004
 7.79510000000000E+0004    6.29970000000000E+0004
 7.79440000000000E+0004    6.31030000000000E+0004
 7.79380000000000E+0004    6.32050000000000E+0004
 7.79300000000000E+0004    6.33290000000000E+0004
 7.79260000000000E+0004    6.34040000000000E+0004
 7.79210000000000E+0004    6.34750000000000E+0004
 7.79150000000000E+0004    6.35470000000000E+0004
 7.79100000000000E+0004    6.36230000000000E+0004
 7.79000000000000E+0004    6.37500000000000E+0004
 7.78920000000000E+0004    6.38530000000000E+0004
 7.78830000000000E+0004    6.39600000000000E+0004
 7.78750000000000E+0004    6.40620000000000E+0004
 7.78670000000000E+0004    6.41630000000000E+0004
 7.78590000000000E+0004    6.42620000000000E+0004
 7.78510000000000E+0004    6.43620000000000E+0004
 7.78430000000000E+0004    6.44620000000000E+0004
 7.78340000000000E+0004    6.45610000000000E+0004
 7.78260000000000E+0004    6.46610000000000E+0004
 7.78180000000000E+0004    6.47610000000000E+0004
 7.78100000000000E+0004    6.48600000000000E+0004
 7.78020000000000E+0004    6.49600000000000E+0004
 7.77940000000000E+0004    6.50600000000000E+0004
 7.77860000000000E+0004    6.51590000000000E+0004
 7.77780000000000E+0004    6.52600000000000E+0004
 7.77700000000000E+0004    6.53600000000000E+0004
 7.77620000000000E+0004    6.54640000000000E+0004
 7.77550000000000E+0004    6.55630000000000E+0004
 7.77490000000000E+0004    6.56830000000000E+0004
 7.77460000000000E+0004    6.57550000000000E+0004
 7.77450000000000E+0004    6.58240000000000E+0004
 7.77460000000000E+0004    6.58930000000000E+0004
 7.77490000000000E+0004    6.59670000000000E+0004
 7.77560000000000E+0004    6.60920000000000E+0004
 7.77630000000000E+0004    6.61940000000000E+0004
 7.77710000000000E+0004    6.63010000000000E+0004
 7.77780000000000E+0004    6.64020000000000E+0004
 7.77860000000000E+0004    6.65030000000000E+0004
 7.77930000000000E+0004    6.66030000000000E+0004
 7.78000000000000E+0004    6.67030000000000E+0004
 7.78080000000000E+0004    6.68030000000000E+0004
 7.78150000000000E+0004    6.69040000000000E+0004
 7.78240000000000E+0004    6.70100000000000E+0004
 7.78320000000000E+0004    6.71120000000000E+0004
 7.78430000000000E+0004    6.72370000000000E+0004
 7.78510000000000E+0004    6.73120000000000E+0004
 7.78600000000000E+0004    6.73830000000000E+0004
 7.78710000000000E+0004    6.74550000000000E+0004
 7.78830000000000E+0004    6.75320000000000E+0004
 7.79060000000000E+0004    6.76670000000000E+0004
 7.79250000000000E+0004    6.77720000000000E+0004
 7.79470000000000E+0004    6.79080000000000E+0004
 7.79590000000000E+0004    6.79870000000000E+0004
 7.79680000000000E+0004    6.80610000000000E+0004
 7.79740000000000E+0004    6.81350000000000E+0004
 7.79790000000000E+0004    6.82140000000000E+0004
 7.79840000000000E+0004    6.83450000000000E+0004
 7.79870000000000E+0004    6.84560000000000E+0004
 7.79900000000000E+0004    6.85640000000000E+0004
 7.79920000000000E+0004    6.86930000000000E+0004
 7.79930000000000E+0004    6.87580000000000E+0004
 7.79950000000000E+0004    6.88440000000000E+0004
7,   19,  -1, Фиктивная линия,,77800, 57200,1,FALSE,255,0,1, 2.00000002980232E-0001,1
 7.74860000000000E+0004    6.85240000000000E+0004
 7.74290000000000E+0004    6.65210000000000E+0004
 7.74530000000000E+0004    6.44680000000000E+0004
 7.74610000000000E+0004    6.22110000000000E+0004
 7.74700000000000E+0004    5.97150000000000E+0004
 7.75020000000000E+0004    5.85660000000000E+0004
 7.75190000000000E+0004    5.74990000000000E+0004
9,   21,  -1, Линия замыкания выклинивания,,77800, 57200,0,FALSE,255,0,0, 2.00000002980232E-0001,0
 8.31970000000000E+0004    6.78220000000000E+0004
 8.29880000000000E+0004    6.79310000000000E+0004
 8.29120000000000E+0004    6.79590000000000E+0004
 8.28730000000000E+0004    6.89320000000000E+0004
 8.45420000000000E+0004    6.89150000000000E+0004
 8.45140000000000E+0004    5.71100000000000E+0004
 8.34820000000000E+0004    5.71380000000000E+0004
 8.35260000000000E+0004    5.74780000000000E+0004
 8.35850000000000E+0004    5.75070000000000E+0004
122,   23,  -1, Дополнительная линия,,77800, 57200,0,FALSE,8388863,0,1, 1.00000001490116E-0001,0
 7.84380000000000E+0004    6.78340000000000E+0004
 7.83950000000000E+0004    6.77440000000000E+0004
 7.83710000000000E+0004    6.76900000000000E+0004
 7.83180000000000E+0004    6.75750000000000E+0004
 7.82760000000000E+0004    6.74690000000000E+0004
 7.82510000000000E+0004    6.74000000000000E+0004
 7.82330000000000E+0004    6.73390000000000E+0004
 7.82220000000000E+0004    6.72740000000000E+0004
 7.82140000000000E+0004    6.72040000000000E+0004
 7.82040000000000E+0004    6.70820000000000E+0004
 7.81980000000000E+0004    6.69750000000000E+0004
 7.81950000000000E+0004    6.68670000000000E+0004
 7.81950000000000E+0004    6.67400000000000E+0004
 7.81980000000000E+0004    6.66630000000000E+0004
 7.82060000000000E+0004    6.65920000000000E+0004
 7.82190000000000E+0004    6.65220000000000E+0004
 7.82380000000000E+0004    6.64480000000000E+0004
 7.82730000000000E+0004    6.63260000000000E+0004
 7.83040000000000E+0004    6.62240000000000E+0004
 7.83350000000000E+0004    6.61240000000000E+0004
 7.83670000000000E+0004    6.60100000000000E+0004
 7.83840000000000E+0004    6.59410000000000E+0004
 7.83960000000000E+0004    6.58760000000000E+0004
 7.84030000000000E+0004    6.58090000000000E+0004
 7.84070000000000E+0004    6.57330000000000E+0004
 7.84090000000000E+0004    6.56090000000000E+0004
 7.84060000000000E+0004    6.54840000000000E+0004
 7.84030000000000E+0004    6.54050000000000E+0004
 7.83960000000000E+0004    6.53350000000000E+0004
 7.83860000000000E+0004    6.52640000000000E+0004
 7.83730000000000E+0004    6.51910000000000E+0004
 7.83480000000000E+0004    6.50650000000000E+0004
 7.83290000000000E+0004    6.49670000000000E+0004
 7.83060000000000E+0004    6.48460000000000E+0004
 7.82950000000000E+0004    6.47760000000000E+0004
 7.82880000000000E+0004    6.47100000000000E+0004
 7.82840000000000E+0004    6.46430000000000E+0004
 7.82830000000000E+0004    6.45690000000000E+0004
 7.82830000000000E+0004    6.44380000000000E+0004
 7.82860000000000E+0004    6.43330000000000E+0004
 7.82910000000000E+0004    6.41960000000000E+0004
 7.82950000000000E+0004    6.41170000000000E+0004
 7.83010000000000E+0004    6.40410000000000E+0004
 7.83080000000000E+0004    6.39670000000000E+0004
 7.83190000000000E+0004    6.38840000000000E+0004
 7.83390000000000E+0004    6.37540000000000E+0004
 7.83650000000000E+0004    6.36280000000000E+0004
 7.83840000000000E+0004    6.35490000000000E+0004
 7.84050000000000E+0004    6.34810000000000E+0004
 7.84340000000000E+0004    6.34110000000000E+0004
 7.84640000000000E+0004    6.33420000000000E+0004
 7.85260000000000E+0004    6.32030000000000E+0004
 7.85540000000000E+0004    6.31330000000000E+0004
 7.85760000000000E+0004    6.30630000000000E+0004
 7.85860000000000E+0004    6.29940000000000E+0004
 7.85910000000000E+0004    6.29190000000000E+0004
 7.85910000000000E+0004    6.27940000000000E+0004
 7.85850000000000E+0004    6.26890000000000E+0004
 7.85780000000000E+0004    6.25840000000000E+0004
 7.85670000000000E+0004    6.24650000000000E+0004
 7.85600000000000E+0004    6.23930000000000E+0004
 7.85520000000000E+0004    6.23260000000000E+0004
 7.85420000000000E+0004    6.22580000000000E+0004
 7.85320000000000E+0004    6.21810000000000E+0004
 7.85160000000000E+0004    6.20550000000000E+0004
 7.85050000000000E+0004    6.19290000000000E+0004
 7.85010000000000E+0004    6.18510000000000E+0004
 7.85050000000000E+0004    6.17800000000000E+0004
 7.85170000000000E+0004    6.17110000000000E+0004
 7.85370000000000E+0004    6.16390000000000E+0004
 7.85750000000000E+0004    6.15190000000000E+0004
 7.86110000000000E+0004    6.14230000000000E+0004
 7.86490000000000E+0004    6.13240000000000E+0004
 7.86890000000000E+0004    6.12270000000000E+0004
 7.87260000000000E+0004    6.11370000000000E+0004
 7.87730000000000E+0004    6.10310000000000E+0004
 7.88010000000000E+0004    6.09680000000000E+0004
 7.88300000000000E+0004    6.09090000000000E+0004
 7.88610000000000E+0004    6.08500000000000E+0004
 7.88960000000000E+0004    6.07880000000000E+0004
 7.89580000000000E+0004    6.06820000000000E+0004
 7.90090000000000E+0004    6.05950000000000E+0004
 7.90640000000000E+0004    6.05040000000000E+0004
 7.91160000000000E+0004    6.04150000000000E+0004
 7.91690000000000E+0004    6.03270000000000E+0004
 7.92250000000000E+0004    6.02340000000000E+0004
 7.92780000000000E+0004    6.01450000000000E+0004
 7.93440000000000E+0004    6.00330000000000E+0004
 7.93830000000000E+0004    5.99650000000000E+0004
 7.94200000000000E+0004    5.99010000000000E+0004
 7.94560000000000E+0004    5.98360000000000E+0004
 7.94920000000000E+0004    5.97680000000000E+0004
 7.95520000000000E+0004    5.96510000000000E+0004
 7.95930000000000E+0004    5.95630000000000E+0004
 7.96370000000000E+0004    5.94520000000000E+0004
 7.96580000000000E+0004    5.93880000000000E+0004
 7.96710000000000E+0004    5.93220000000000E+0004
 7.96770000000000E+0004    5.92580000000000E+0004
 7.96840000000000E+0004    5.91660000000000E+0004
 7.96930000000000E+0004    5.90720000000000E+0004
 7.97080000000000E+0004    5.90080000000000E+0004
 7.97380000000000E+0004    5.89420000000000E+0004
 7.97760000000000E+0004    5.88840000000000E+0004
 7.98640000000000E+0004    5.87740000000000E+0004
 7.99110000000000E+0004    5.87210000000000E+0004
 7.99610000000000E+0004    5.86660000000000E+0004
 8.00070000000000E+0004    5.86150000000000E+0004
 8.00700000000000E+0004    5.85400000000000E+0004
 8.01330000000000E+0004    5.84640000000000E+0004
 8.01760000000000E+0004    5.84070000000000E+0004
 8.02200000000000E+0004    5.83410000000000E+0004
 8.02590000000000E+0004    5.82780000000000E+0004
 8.03340000000000E+0004    5.81500000000000E+0004
 8.03680000000000E+0004    5.80860000000000E+0004
 8.03990000000000E+0004    5.80220000000000E+0004
 8.04260000000000E+0004    5.79570000000000E+0004
 8.04500000000000E+0004    5.78910000000000E+0004
 8.04930000000000E+0004    5.77490000000000E+0004
 8.05110000000000E+0004    5.76830000000000E+0004
 8.05280000000000E+0004    5.75940000000000E+0004
 8.05400000000000E+0004    5.75630000000000E+0004
 8.05400000000000E+0004    5.74740000000000E+0004
1082,   41,  -1, Залежи другого пласта,,77800, 57200,0,FALSE,255,0,1, 2.00000002980232E-0001,0
 8.29880000000000E+0004    6.79310000000000E+0004
 8.29880000000000E+0004    6.79300000000000E+0004
 8.29930000000000E+0004    6.79040000000000E+0004
 8.29990000000000E+0004    6.78720000000000E+0004
 8.30050000000000E+0004    6.78400000000000E+0004
 8.30110000000000E+0004    6.78090000000000E+0004
 8.30160000000000E+0004    6.77830000000000E+0004
 8.30160000000000E+0004    6.77830000000000E+0004
 8.30220000000000E+0004    6.77550000000000E+0004
 8.30280000000000E+0004    6.77270000000000E+0004
 8.30340000000000E+0004    6.77010000000000E+0004
 8.30340000000000E+0004    6.77010000000000E+0004
 8.30380000000000E+0004    6.76820000000000E+0004
 8.30440000000000E+0004    6.76530000000000E+0004
 8.30510000000000E+0004    6.76230000000000E+0004
 8.30510000000000E+0004    6.76230000000000E+0004
 8.30530000000000E+0004    6.76150000000000E+0004
 8.30610000000000E+0004    6.75850000000000E+0004
 8.30690000000000E+0004    6.75540000000000E+0004
 8.30760000000000E+0004    6.75270000000000E+0004
 8.30760000000000E+0004    6.75270000000000E+0004
 8.30830000000000E+0004    6.74980000000000E+0004
 8.30900000000000E+0004    6.74690000000000E+0004
 8.30900000000000E+0004    6.74690000000000E+0004
 8.30920000000000E+0004    6.74610000000000E+0004
 8.30980000000000E+0004    6.74320000000000E+0004
 8.31050000000000E+0004    6.74010000000000E+0004
 8.31110000000000E+0004    6.73720000000000E+0004
 8.31110000000000E+0004    6.73720000000000E+0004
 8.31140000000000E+0004    6.73570000000000E+0004
 8.31180000000000E+0004    6.73300000000000E+0004
 8.31220000000000E+0004    6.72990000000000E+0004
 8.31220000000000E+0004    6.72990000000000E+0004
 8.31240000000000E+0004    6.72840000000000E+0004
 8.31270000000000E+0004    6.72550000000000E+0004
 8.31300000000000E+0004    6.72240000000000E+0004
 8.31330000000000E+0004    6.71930000000000E+0004
 8.31330000000000E+0004    6.71930000000000E+0004
 8.31340000000000E+0004    6.71790000000000E+0004
 8.31370000000000E+0004    6.71480000000000E+0004
 8.31400000000000E+0004    6.71180000000000E+0004
 8.31420000000000E+0004    6.70900000000000E+0004
 8.31420000000000E+0004    6.70900000000000E+0004
 8.31440000000000E+0004    6.70700000000000E+0004
 8.31460000000000E+0004    6.70410000000000E+0004
 8.31480000000000E+0004    6.70120000000000E+0004
 8.31480000000000E+0004    6.70120000000000E+0004
 8.31490000000000E+0004    6.69940000000000E+0004
 8.31510000000000E+0004    6.69660000000000E+0004
 8.31540000000000E+0004    6.69340000000000E+0004
 8.31540000000000E+0004    6.69340000000000E+0004
 8.31550000000000E+0004    6.69200000000000E+0004
 8.31580000000000E+0004    6.68910000000000E+0004
 8.31610000000000E+0004    6.68600000000000E+0004
 8.31640000000000E+0004    6.68290000000000E+0004
 8.31640000000000E+0004    6.68290000000000E+0004
 8.31650000000000E+0004    6.68140000000000E+0004
 8.31680000000000E+0004    6.67830000000000E+0004
 8.31710000000000E+0004    6.67530000000000E+0004
 8.31740000000000E+0004    6.67250000000000E+0004
 8.31740000000000E+0004    6.67250000000000E+0004
 8.31760000000000E+0004    6.67070000000000E+0004
 8.31780000000000E+0004    6.66770000000000E+0004
 8.31800000000000E+0004    6.66490000000000E+0004
 8.31800000000000E+0004    6.66490000000000E+0004
 8.31810000000000E+0004    6.66350000000000E+0004
 8.31830000000000E+0004    6.66070000000000E+0004
 8.31840000000000E+0004    6.65750000000000E+0004
 8.31840000000000E+0004    6.65750000000000E+0004
 8.31840000000000E+0004    6.65680000000000E+0004
 8.31840000000000E+0004    6.65390000000000E+0004
 8.31840000000000E+0004    6.65080000000000E+0004
 8.31830000000000E+0004    6.64770000000000E+0004
 8.31830000000000E+0004    6.64770000000000E+0004
 8.31830000000000E+0004    6.64710000000000E+0004
 8.31820000000000E+0004    6.64400000000000E+0004
 8.31800000000000E+0004    6.64090000000000E+0004
 8.31780000000000E+0004    6.63810000000000E+0004
 8.31780000000000E+0004    6.63810000000000E+0004
 8.31770000000000E+0004    6.63680000000000E+0004
 8.31720000000000E+0004    6.63380000000000E+0004
 8.31670000000000E+0004    6.63100000000000E+0004
 8.31670000000000E+0004    6.63100000000000E+0004
 8.31640000000000E+0004    6.62970000000000E+0004
 8.31580000000000E+0004    6.62690000000000E+0004
 8.31490000000000E+0004    6.62390000000000E+0004
 8.31490000000000E+0004    6.62390000000000E+0004
 8.31470000000000E+0004    6.62330000000000E+0004
 8.31370000000000E+0004    6.62060000000000E+0004
 8.31260000000000E+0004    6.61780000000000E+0004
 8.31140000000000E+0004    6.61490000000000E+0004
 8.31140000000000E+0004    6.61490000000000E+0004
 8.31110000000000E+0004    6.61420000000000E+0004
 8.30990000000000E+0004    6.61140000000000E+0004
 8.30870000000000E+0004    6.60850000000000E+0004
 8.30750000000000E+0004    6.60600000000000E+0004
 8.30750000000000E+0004    6.60600000000000E+0004
 8.30690000000000E+0004    6.60480000000000E+0004
 8.30540000000000E+0004    6.60220000000000E+0004
 8.30390000000000E+0004    6.59980000000000E+0004
 8.30390000000000E+0004    6.59980000000000E+0004
 8.30320000000000E+0004    6.59870000000000E+0004
 8.30160000000000E+0004    6.59630000000000E+0004
 8.29970000000000E+0004    6.59370000000000E+0004
 8.29970000000000E+0004    6.59370000000000E+0004
 8.29920000000000E+0004    6.59310000000000E+0004
 8.29740000000000E+0004    6.59080000000000E+0004
 8.29540000000000E+0004    6.58850000000000E+0004
 8.29340000000000E+0004    6.58610000000000E+0004
 8.29340000000000E+0004    6.58610000000000E+0004
 8.29250000000000E+0004    6.58510000000000E+0004
 8.29050000000000E+0004    6.58270000000000E+0004
 8.28840000000000E+0004    6.58040000000000E+0004
 8.28660000000000E+0004    6.57830000000000E+0004
 8.28660000000000E+0004    6.57830000000000E+0004
 8.28560000000000E+0004    6.57720000000000E+0004
 8.28370000000000E+0004    6.57520000000000E+0004
 8.28170000000000E+0004    6.57290000000000E+0004
 8.28170000000000E+0004    6.57290000000000E+0004
 8.28110000000000E+0004    6.57220000000000E+0004
 8.27900000000000E+0004    6.56990000000000E+0004
 8.27690000000000E+0004    6.56750000000000E+0004
 8.27510000000000E+0004    6.56540000000000E+0004
 8.27510000000000E+0004    6.56540000000000E+0004
 8.27320000000000E+0004    6.56310000000000E+0004
 8.27140000000000E+0004    6.56080000000000E+0004
 8.27140000000000E+0004    6.56080000000000E+0004
 8.27120000000000E+0004    6.56050000000000E+0004
 8.26950000000000E+0004    6.55820000000000E+0004
 8.26750000000000E+0004    6.55570000000000E+0004
 8.26590000000000E+0004    6.55320000000000E+0004
 8.26590000000000E+0004    6.55320000000000E+0004
 8.26510000000000E+0004    6.55180000000000E+0004
 8.26390000000000E+0004    6.54910000000000E+0004
 8.26280000000000E+0004    6.54640000000000E+0004
 8.26280000000000E+0004    6.54640000000000E+0004
 8.26220000000000E+0004    6.54500000000000E+0004
 8.26130000000000E+0004    6.54250000000000E+0004
 8.26030000000000E+0004    6.53920000000000E+0004
 8.26030000000000E+0004    6.53920000000000E+0004
 8.25980000000000E+0004    6.53720000000000E+0004
 8.25910000000000E+0004    6.53420000000000E+0004
 8.25840000000000E+0004    6.53090000000000E+0004
 8.25770000000000E+0004    6.52780000000000E+0004
 8.25720000000000E+0004    6.52520000000000E+0004
 8.25720000000000E+0004    6.52520000000000E+0004
 8.25700000000000E+0004    6.52400000000000E+0004
 8.25660000000000E+0004    6.52100000000000E+0004
 8.25640000000000E+0004    6.51840000000000E+0004
 8.25640000000000E+0004    6.51840000000000E+0004
 8.25640000000000E+0004    6.51780000000000E+0004
 8.25630000000000E+0004    6.51480000000000E+0004
 8.25640000000000E+0004    6.51180000000000E+0004
 8.25640000000000E+0004    6.51180000000000E+0004
 8.25640000000000E+0004    6.51160000000000E+0004
 8.25690000000000E+0004    6.50860000000000E+0004
 8.25770000000000E+0004    6.50570000000000E+0004
 8.25770000000000E+0004    6.50570000000000E+0004
 8.25790000000000E+0004    6.50520000000000E+0004
 8.25870000000000E+0004    6.50260000000000E+0004
 8.25990000000000E+0004    6.49950000000000E+0004
 8.25990000000000E+0004    6.49950000000000E+0004
 8.26080000000000E+0004    6.49720000000000E+0004
 8.26200000000000E+0004    6.49440000000000E+0004
 8.26330000000000E+0004    6.49140000000000E+0004
 8.26450000000000E+0004    6.48870000000000E+0004
 8.26450000000000E+0004    6.48870000000000E+0004
 8.26480000000000E+0004    6.48810000000000E+0004
 8.26600000000000E+0004    6.48550000000000E+0004
 8.26730000000000E+0004    6.48290000000000E+0004
 8.26870000000000E+0004    6.48010000000000E+0004
 8.26870000000000E+0004    6.48010000000000E+0004
 8.26900000000000E+0004    6.47940000000000E+0004
 8.27040000000000E+0004    6.47670000000000E+0004
 8.27180000000000E+0004    6.47380000000000E+0004
 8.27320000000000E+0004    6.47100000000000E+0004
 8.27440000000000E+0004    6.46860000000000E+0004
 8.27440000000000E+0004    6.46860000000000E+0004
 8.27520000000000E+0004    6.46700000000000E+0004
 8.27650000000000E+0004    6.46440000000000E+0004
 8.27770000000000E+0004    6.46190000000000E+0004
 8.27770000000000E+0004    6.46190000000000E+0004
 8.27820000000000E+0004    6.46080000000000E+0004
 8.27950000000000E+0004    6.45800000000000E+0004
 8.28070000000000E+0004    6.45530000000000E+0004
 8.28070000000000E+0004    6.45530000000000E+0004
 8.28110000000000E+0004    6.45430000000000E+0004
 8.28220000000000E+0004    6.45150000000000E+0004
 8.28320000000000E+0004    6.44870000000000E+0004
 8.28320000000000E+0004    6.44870000000000E+0004
 8.28370000000000E+0004    6.44740000000000E+0004
 8.28460000000000E+0004    6.44480000000000E+0004
 8.28570000000000E+0004    6.44160000000000E+0004
 8.28570000000000E+0004    6.44160000000000E+0004
 8.28580000000000E+0004    6.44120000000000E+0004
 8.28670000000000E+0004    6.43850000000000E+0004
 8.28760000000000E+0004    6.43550000000000E+0004
 8.28850000000000E+0004    6.43240000000000E+0004
 8.28940000000000E+0004    6.42960000000000E+0004
 8.28940000000000E+0004    6.42960000000000E+0004
 8.28980000000000E+0004    6.42840000000000E+0004
 8.29060000000000E+0004    6.42550000000000E+0004
 8.29150000000000E+0004    6.42280000000000E+0004
 8.29230000000000E+0004    6.41990000000000E+0004
 8.29230000000000E+0004    6.41990000000000E+0004
 8.29280000000000E+0004    6.41820000000000E+0004
 8.29360000000000E+0004    6.41530000000000E+0004
 8.29440000000000E+0004    6.41240000000000E+0004
 8.29520000000000E+0004    6.40950000000000E+0004
 8.29520000000000E+0004    6.40950000000000E+0004
 8.29560000000000E+0004    6.40820000000000E+0004
 8.29640000000000E+0004    6.40540000000000E+0004
 8.29720000000000E+0004    6.40250000000000E+0004
 8.29800000000000E+0004    6.39960000000000E+0004
 8.29800000000000E+0004    6.39960000000000E+0004
 8.29850000000000E+0004    6.39780000000000E+0004
 8.29920000000000E+0004    6.39490000000000E+0004
 8.30000000000000E+0004    6.39200000000000E+0004
 8.30070000000000E+0004    6.38910000000000E+0004
 8.30070000000000E+0004    6.38910000000000E+0004
 8.30110000000000E+0004    6.38770000000000E+0004
 8.30180000000000E+0004    6.38490000000000E+0004
 8.30250000000000E+0004    6.38210000000000E+0004
 8.30330000000000E+0004    6.37900000000000E+0004
 8.30330000000000E+0004    6.37900000000000E+0004
 8.30350000000000E+0004    6.37830000000000E+0004
 8.30420000000000E+0004    6.37530000000000E+0004
 8.30490000000000E+0004    6.37220000000000E+0004
 8.30550000000000E+0004    6.36920000000000E+0004
 8.30610000000000E+0004    6.36650000000000E+0004
 8.30610000000000E+0004    6.36650000000000E+0004
 8.30660000000000E+0004    6.36420000000000E+0004
 8.30710000000000E+0004    6.36130000000000E+0004
 8.30750000000000E+0004    6.35860000000000E+0004
 8.30750000000000E+0004    6.35860000000000E+0004
 8.30770000000000E+0004    6.35740000000000E+0004
 8.30820000000000E+0004    6.35460000000000E+0004
 8.30850000000000E+0004    6.35150000000000E+0004
 8.30850000000000E+0004    6.35150000000000E+0004
 8.30850000000000E+0004    6.35150000000000E+0004
 8.30870000000000E+0004    6.34850000000000E+0004
 8.30870000000000E+0004    6.34530000000000E+0004
 8.30880000000000E+0004    6.34250000000000E+0004
 8.30880000000000E+0004    6.34250000000000E+0004
 8.30880000000000E+0004    6.34010000000000E+0004
 8.30880000000000E+0004    6.33720000000000E+0004
 8.30880000000000E+0004    6.33720000000000E+0004
 8.30870000000000E+0004    6.33480000000000E+0004
 8.30850000000000E+0004    6.33160000000000E+0004
 8.30830000000000E+0004    6.32860000000000E+0004
 8.30830000000000E+0004    6.32860000000000E+0004
 8.30820000000000E+0004    6.32790000000000E+0004
 8.30780000000000E+0004    6.32490000000000E+0004
 8.30740000000000E+0004    6.32200000000000E+0004
 8.30740000000000E+0004    6.32200000000000E+0004
 8.30720000000000E+0004    6.32060000000000E+0004
 8.30680000000000E+0004    6.31780000000000E+0004
 8.30620000000000E+0004    6.31450000000000E+0004
 8.30620000000000E+0004    6.31450000000000E+0004
 8.30570000000000E+0004    6.31210000000000E+0004
 8.30510000000000E+0004    6.30920000000000E+0004
 8.30450000000000E+0004    6.30610000000000E+0004
 8.30390000000000E+0004    6.30300000000000E+0004
 8.30390000000000E+0004    6.30300000000000E+0004
 8.30390000000000E+0004    6.30300000000000E+0004
 8.30330000000000E+0004    6.30000000000000E+0004
 8.30270000000000E+0004    6.29680000000000E+0004
 8.30210000000000E+0004    6.29380000000000E+0004
 8.30160000000000E+0004    6.29120000000000E+0004
 8.30160000000000E+0004    6.29120000000000E+0004
 8.30130000000000E+0004    6.28930000000000E+0004
 8.30070000000000E+0004    6.28640000000000E+0004
 8.30030000000000E+0004    6.28370000000000E+0004
 8.30030000000000E+0004    6.28370000000000E+0004
 8.30020000000000E+0004    6.28280000000000E+0004
 8.29970000000000E+0004    6.27990000000000E+0004
 8.29930000000000E+0004    6.27690000000000E+0004
 8.29930000000000E+0004    6.27690000000000E+0004
 8.29920000000000E+0004    6.27570000000000E+0004
 8.29890000000000E+0004    6.27270000000000E+0004
 8.29870000000000E+0004    6.26970000000000E+0004
 8.29870000000000E+0004    6.26970000000000E+0004
 8.29860000000000E+0004    6.26860000000000E+0004
 8.29840000000000E+0004    6.26600000000000E+0004
 8.29830000000000E+0004    6.26250000000000E+0004
 8.29830000000000E+0004    6.26250000000000E+0004
 8.29830000000000E+0004    6.26050000000000E+0004
 8.29820000000000E+0004    6.25740000000000E+0004
 8.29810000000000E+0004    6.25400000000000E+0004
 8.29810000000000E+0004    6.25080000000000E+0004
 8.29810000000000E+0004    6.24820000000000E+0004
 8.29810000000000E+0004    6.24820000000000E+0004
 8.29810000000000E+0004    6.24690000000000E+0004
 8.29820000000000E+0004    6.24390000000000E+0004
 8.29830000000000E+0004    6.24130000000000E+0004
 8.29830000000000E+0004    6.24130000000000E+0004
 8.29840000000000E+0004    6.24030000000000E+0004
 8.29850000000000E+0004    6.23730000000000E+0004
 8.29880000000000E+0004    6.23430000000000E+0004
 8.29880000000000E+0004    6.23430000000000E+0004
 8.29890000000000E+0004    6.23380000000000E+0004
 8.29920000000000E+0004    6.23090000000000E+0004
 8.29970000000000E+0004    6.22790000000000E+0004
 8.29970000000000E+0004    6.22790000000000E+0004
 8.29990000000000E+0004    6.22680000000000E+0004
 8.30050000000000E+0004    6.22410000000000E+0004
 8.30120000000000E+0004    6.22080000000000E+0004
 8.30120000000000E+0004    6.22080000000000E+0004
 8.30160000000000E+0004    6.21880000000000E+0004
 8.30230000000000E+0004    6.21580000000000E+0004
 8.30290000000000E+0004    6.21270000000000E+0004
 8.30360000000000E+0004    6.20970000000000E+0004
 8.30360000000000E+0004    6.20970000000000E+0004
 8.30420000000000E+0004    6.20710000000000E+0004
 8.30500000000000E+0004    6.20400000000000E+0004
 8.30570000000000E+0004    6.20100000000000E+0004
 8.30630000000000E+0004    6.19840000000000E+0004
 8.30630000000000E+0004    6.19840000000000E+0004
 8.30660000000000E+0004    6.19700000000000E+0004
 8.30730000000000E+0004    6.19410000000000E+0004
 8.30780000000000E+0004    6.19140000000000E+0004
 8.30780000000000E+0004    6.19140000000000E+0004
 8.30790000000000E+0004    6.19110000000000E+0004
 8.30840000000000E+0004    6.18810000000000E+0004
 8.30890000000000E+0004    6.18520000000000E+0004
 8.30890000000000E+0004    6.18520000000000E+0004
 8.30890000000000E+0004    6.18500000000000E+0004
 8.30930000000000E+0004    6.18200000000000E+0004
 8.30960000000000E+0004    6.17900000000000E+0004
 8.30960000000000E+0004    6.17900000000000E+0004
 8.30960000000000E+0004    6.17840000000000E+0004
 8.30980000000000E+0004    6.17570000000000E+0004
 8.30990000000000E+0004    6.17240000000000E+0004
 8.30990000000000E+0004    6.17240000000000E+0004
 8.31000000000000E+0004    6.17050000000000E+0004
 8.31000000000000E+0004    6.16740000000000E+0004
 8.31010000000000E+0004    6.16420000000000E+0004
 8.31010000000000E+0004    6.16120000000000E+0004
 8.31010000000000E+0004    6.16120000000000E+0004
 8.31010000000000E+0004    6.16070000000000E+0004
 8.31010000000000E+0004    6.15760000000000E+0004
 8.31000000000000E+0004    6.15470000000000E+0004
 8.30990000000000E+0004    6.15170000000000E+0004
 8.30990000000000E+0004    6.15170000000000E+0004
 8.30990000000000E+0004    6.15040000000000E+0004
 8.30980000000000E+0004    6.14750000000000E+0004
 8.30980000000000E+0004    6.14440000000000E+0004
 8.30970000000000E+0004    6.14140000000000E+0004
 8.30970000000000E+0004    6.14140000000000E+0004
 8.30970000000000E+0004    6.13980000000000E+0004
 8.30960000000000E+0004    6.13680000000000E+0004
 8.30950000000000E+0004    6.13380000000000E+0004
 8.30940000000000E+0004    6.13080000000000E+0004
 8.30940000000000E+0004    6.13080000000000E+0004
 8.30940000000000E+0004    6.12950000000000E+0004
 8.30930000000000E+0004    6.12660000000000E+0004
 8.30920000000000E+0004    6.12370000000000E+0004
 8.30910000000000E+0004    6.12050000000000E+0004
 8.30910000000000E+0004    6.12050000000000E+0004
 8.30910000000000E+0004    6.11990000000000E+0004
 8.30910000000000E+0004    6.11680000000000E+0004
 8.30910000000000E+0004    6.11360000000000E+0004
 8.30910000000000E+0004    6.11050000000000E+0004
 8.30910000000000E+0004    6.10780000000000E+0004
 8.30910000000000E+0004    6.10780000000000E+0004
 8.30910000000000E+0004    6.10590000000000E+0004
 8.30910000000000E+0004    6.10290000000000E+0004
 8.30920000000000E+0004    6.10020000000000E+0004
 8.30920000000000E+0004    6.10020000000000E+0004
 8.30920000000000E+0004    6.09910000000000E+0004
 8.30940000000000E+0004    6.09610000000000E+0004
 8.30960000000000E+0004    6.09310000000000E+0004
 8.30960000000000E+0004    6.09310000000000E+0004
 8.30970000000000E+0004    6.09210000000000E+0004
 8.31000000000000E+0004    6.08910000000000E+0004
 8.31040000000000E+0004    6.08610000000000E+0004
 8.31040000000000E+0004    6.08610000000000E+0004
 8.31060000000000E+0004    6.08470000000000E+0004
 8.31100000000000E+0004    6.08200000000000E+0004
 8.31160000000000E+0004    6.07870000000000E+0004
 8.31160000000000E+0004    6.07870000000000E+0004
 8.31170000000000E+0004    6.07810000000000E+0004
 8.31220000000000E+0004    6.07540000000000E+0004
 8.31270000000000E+0004    6.07230000000000E+0004
 8.31330000000000E+0004    6.06910000000000E+0004
 8.31390000000000E+0004    6.06620000000000E+0004
 8.31390000000000E+0004    6.06620000000000E+0004
 8.31430000000000E+0004    6.06440000000000E+0004
 8.31490000000000E+0004    6.06140000000000E+0004
 8.31560000000000E+0004    6.05860000000000E+0004
 8.31620000000000E+0004    6.05570000000000E+0004
 8.31620000000000E+0004    6.05570000000000E+0004
 8.31660000000000E+0004    6.05390000000000E+0004
 8.31720000000000E+0004    6.05110000000000E+0004
 8.31780000000000E+0004    6.04820000000000E+0004
 8.31850000000000E+0004    6.04510000000000E+0004
 8.31850000000000E+0004    6.04510000000000E+0004
 8.31860000000000E+0004    6.04450000000000E+0004
 8.31930000000000E+0004    6.04150000000000E+0004
 8.32010000000000E+0004    6.03840000000000E+0004
 8.32080000000000E+0004    6.03540000000000E+0004
 8.32140000000000E+0004    6.03280000000000E+0004
 8.32140000000000E+0004    6.03280000000000E+0004
 8.32180000000000E+0004    6.03110000000000E+0004
 8.32250000000000E+0004    6.02820000000000E+0004
 8.32320000000000E+0004    6.02560000000000E+0004
 8.32320000000000E+0004    6.02560000000000E+0004
 8.32340000000000E+0004    6.02470000000000E+0004
 8.32420000000000E+0004    6.02180000000000E+0004
 8.32500000000000E+0004    6.01890000000000E+0004
 8.32500000000000E+0004    6.01890000000000E+0004
 8.32520000000000E+0004    6.01810000000000E+0004
 8.32610000000000E+0004    6.01520000000000E+0004
 8.32690000000000E+0004    6.01230000000000E+0004
 8.32690000000000E+0004    6.01230000000000E+0004
 8.32720000000000E+0004    6.01110000000000E+0004
 8.32800000000000E+0004    6.00850000000000E+0004
 8.32900000000000E+0004    6.00530000000000E+0004
 8.32900000000000E+0004    6.00530000000000E+0004
 8.32900000000000E+0004    6.00520000000000E+0004
 8.32990000000000E+0004    6.00260000000000E+0004
 8.33080000000000E+0004    5.99960000000000E+0004
 8.33180000000000E+0004    5.99660000000000E+0004
 8.33270000000000E+0004    5.99370000000000E+0004
 8.33270000000000E+0004    5.99370000000000E+0004
 8.33320000000000E+0004    5.99220000000000E+0004
 8.33410000000000E+0004    5.98930000000000E+0004
 8.33510000000000E+0004    5.98650000000000E+0004
 8.33600000000000E+0004    5.98370000000000E+0004
 8.33600000000000E+0004    5.98370000000000E+0004
 8.33650000000000E+0004    5.98220000000000E+0004
 8.33740000000000E+0004    5.97940000000000E+0004
 8.33830000000000E+0004    5.97660000000000E+0004
 8.33930000000000E+0004    5.97360000000000E+0004
 8.33930000000000E+0004    5.97360000000000E+0004
 8.33940000000000E+0004    5.97320000000000E+0004
 8.34040000000000E+0004    5.97030000000000E+0004
 8.34130000000000E+0004    5.96720000000000E+0004
 8.34230000000000E+0004    5.96430000000000E+0004
 8.34310000000000E+0004    5.96170000000000E+0004
 8.34310000000000E+0004    5.96170000000000E+0004
 8.34370000000000E+0004    5.95990000000000E+0004
 8.34450000000000E+0004    5.95710000000000E+0004
 8.34530000000000E+0004    5.95450000000000E+0004
 8.34530000000000E+0004    5.95450000000000E+0004
 8.34560000000000E+0004    5.95360000000000E+0004
 8.34640000000000E+0004    5.95070000000000E+0004
 8.34720000000000E+0004    5.94780000000000E+0004
 8.34720000000000E+0004    5.94780000000000E+0004
 8.34750000000000E+0004    5.94650000000000E+0004
 8.34820000000000E+0004    5.94360000000000E+0004
 8.34890000000000E+0004    5.94060000000000E+0004
 8.34890000000000E+0004    5.94060000000000E+0004
 8.34920000000000E+0004    5.93930000000000E+0004
 8.34970000000000E+0004    5.93680000000000E+0004
 8.35040000000000E+0004    5.93330000000000E+0004
 8.35040000000000E+0004    5.93330000000000E+0004
 8.35080000000000E+0004    5.93070000000000E+0004
 8.35140000000000E+0004    5.92760000000000E+0004
 8.35190000000000E+0004    5.92430000000000E+0004
 8.35240000000000E+0004    5.92110000000000E+0004
 8.35280000000000E+0004    5.91850000000000E+0004
 8.35280000000000E+0004    5.91850000000000E+0004
 8.35310000000000E+0004    5.91650000000000E+0004
 8.35350000000000E+0004    5.91360000000000E+0004
 8.35380000000000E+0004    5.91100000000000E+0004
 8.35380000000000E+0004    5.91100000000000E+0004
 8.35400000000000E+0004    5.90930000000000E+0004
 8.35420000000000E+0004    5.90630000000000E+0004
 8.35440000000000E+0004    5.90330000000000E+0004
 8.35440000000000E+0004    5.90330000000000E+0004
 8.35440000000000E+0004    5.90190000000000E+0004
 8.35450000000000E+0004    5.89890000000000E+0004
 8.35440000000000E+0004    5.89590000000000E+0004
 8.35440000000000E+0004    5.89590000000000E+0004
 8.35430000000000E+0004    5.89390000000000E+0004
 8.35420000000000E+0004    5.89110000000000E+0004
 8.35400000000000E+0004    5.88770000000000E+0004
 8.35400000000000E+0004    5.88770000000000E+0004
 8.35390000000000E+0004    5.88670000000000E+0004
 8.35380000000000E+0004    5.88380000000000E+0004
 8.35360000000000E+0004    5.88080000000000E+0004
 8.35330000000000E+0004    5.87760000000000E+0004
 8.35310000000000E+0004    5.87450000000000E+0004
 8.35310000000000E+0004    5.87450000000000E+0004
 8.35300000000000E+0004    5.87320000000000E+0004
 8.35270000000000E+0004    5.87010000000000E+0004
 8.35240000000000E+0004    5.86690000000000E+0004
 8.35210000000000E+0004    5.86390000000000E+0004
 8.35190000000000E+0004    5.86130000000000E+0004
 8.35190000000000E+0004    5.86130000000000E+0004
 8.35170000000000E+0004    5.85870000000000E+0004
 8.35140000000000E+0004    5.85580000000000E+0004
 8.35120000000000E+0004    5.85310000000000E+0004
 8.35120000000000E+0004    5.85310000000000E+0004
 8.35110000000000E+0004    5.85130000000000E+0004
 8.35080000000000E+0004    5.84830000000000E+0004
 8.35060000000000E+0004    5.84540000000000E+0004
 8.35060000000000E+0004    5.84540000000000E+0004
 8.35050000000000E+0004    5.84420000000000E+0004
 8.35030000000000E+0004    5.84130000000000E+0004
 8.35010000000000E+0004    5.83820000000000E+0004
 8.35010000000000E+0004    5.83820000000000E+0004
 8.35010000000000E+0004    5.83760000000000E+0004
 8.34990000000000E+0004    5.83470000000000E+0004
 8.34980000000000E+0004    5.83160000000000E+0004
 8.34970000000000E+0004    5.82850000000000E+0004
 8.34970000000000E+0004    5.82850000000000E+0004
 8.34970000000000E+0004    5.82800000000000E+0004
 8.34960000000000E+0004    5.82490000000000E+0004
 8.34950000000000E+0004    5.82180000000000E+0004
 8.34940000000000E+0004    5.81900000000000E+0004
 8.34940000000000E+0004    5.81900000000000E+0004
 8.34940000000000E+0004    5.81830000000000E+0004
 8.34930000000000E+0004    5.81530000000000E+0004
 8.34930000000000E+0004    5.81240000000000E+0004
 8.34930000000000E+0004    5.81240000000000E+0004
 8.34930000000000E+0004    5.81150000000000E+0004
 8.34930000000000E+0004    5.80850000000000E+0004
 8.34940000000000E+0004    5.80550000000000E+0004
 8.34940000000000E+0004    5.80550000000000E+0004
 8.34940000000000E+0004    5.80460000000000E+0004
 8.34950000000000E+0004    5.80190000000000E+0004
 8.34970000000000E+0004    5.79860000000000E+0004
 8.34970000000000E+0004    5.79860000000000E+0004
 8.34980000000000E+0004    5.79630000000000E+0004
 8.34990000000000E+0004    5.79320000000000E+0004
 8.35010000000000E+0004    5.79000000000000E+0004
 8.35020000000000E+0004    5.78700000000000E+0004
 8.35020000000000E+0004    5.78700000000000E+0004
 8.35030000000000E+0004    5.78560000000000E+0004
 8.35040000000000E+0004    5.78260000000000E+0004
 8.35060000000000E+0004    5.77960000000000E+0004
 8.35080000000000E+0004    5.77670000000000E+0004
 8.35080000000000E+0004    5.77670000000000E+0004
 8.35090000000000E+0004    5.77560000000000E+0004
 8.35100000000000E+0004    5.77270000000000E+0004
 8.35120000000000E+0004    5.76980000000000E+0004
 8.35140000000000E+0004    5.76660000000000E+0004
 8.35140000000000E+0004    5.76660000000000E+0004
 8.35150000000000E+0004    5.76560000000000E+0004
 8.35170000000000E+0004    5.76260000000000E+0004
 8.35190000000000E+0004    5.75930000000000E+0004
 8.35210000000000E+0004    5.75620000000000E+0004
 8.35230000000000E+0004    5.75360000000000E+0004
 8.35230000000000E+0004    5.75360000000000E+0004
 8.35250000000000E+0004    5.75060000000000E+0004
 8.35260000000000E+0004    5.74780000000000E+0004
 8.35260000000000E+0004    5.74780000000000E+0004
 8.35240000000000E+0004    5.74650000000000E+0004
 8.35200000000000E+0004    5.74360000000000E+0004
 8.35170000000000E+0004    5.74060000000000E+0004
 8.35130000000000E+0004    5.73760000000000E+0004
 8.35090000000000E+0004    5.73460000000000E+0004
 8.35050000000000E+0004    5.73170000000000E+0004
 8.35010000000000E+0004    5.72870000000000E+0004
 8.34970000000000E+0004    5.72570000000000E+0004
 8.34940000000000E+0004    5.72270000000000E+0004
 8.34900000000000E+0004    5.71980000000000E+0004
 8.34860000000000E+0004    5.71680000000000E+0004
 8.34820000000000E+0004    5.71380000000000E+0004
 8.34940000000000E+0004    5.71380000000000E+0004
 8.35240000000000E+0004    5.71370000000000E+0004
 8.35540000000000E+0004    5.71360000000000E+0004
 8.35840000000000E+0004    5.71350000000000E+0004
 8.36140000000000E+0004    5.71340000000000E+0004
 8.36440000000000E+0004    5.71340000000000E+0004
 8.36740000000000E+0004    5.71330000000000E+0004
 8.37040000000000E+0004    5.71320000000000E+0004
 8.37340000000000E+0004    5.71310000000000E+0004
 8.37640000000000E+0004    5.71300000000000E+0004
 8.37940000000000E+0004    5.71300000000000E+0004
 8.38240000000000E+0004    5.71290000000000E+0004
 8.38540000000000E+0004    5.71280000000000E+0004
 8.38840000000000E+0004    5.71270000000000E+0004
 8.39140000000000E+0004    5.71260000000000E+0004
 8.39440000000000E+0004    5.71250000000000E+0004
 8.39740000000000E+0004    5.71250000000000E+0004
 8.40040000000000E+0004    5.71240000000000E+0004
 8.40340000000000E+0004    5.71230000000000E+0004
 8.40640000000000E+0004    5.71220000000000E+0004
 8.40940000000000E+0004    5.71210000000000E+0004
 8.41240000000000E+0004    5.71210000000000E+0004
 8.41540000000000E+0004    5.71200000000000E+0004
 8.41840000000000E+0004    5.71190000000000E+0004
 8.42140000000000E+0004    5.71180000000000E+0004
 8.42440000000000E+0004    5.71170000000000E+0004
 8.42740000000000E+0004    5.71170000000000E+0004
 8.43040000000000E+0004    5.71160000000000E+0004
 8.43340000000000E+0004    5.71150000000000E+0004
 8.43640000000000E+0004    5.71140000000000E+0004
 8.43940000000000E+0004    5.71130000000000E+0004
 8.44240000000000E+0004    5.71120000000000E+0004
 8.44540000000000E+0004    5.71120000000000E+0004
 8.44840000000000E+0004    5.71110000000000E+0004
 8.45140000000000E+0004    5.71100000000000E+0004
 8.45140000000000E+0004    5.71250000000000E+0004
 8.45140000000000E+0004    5.71550000000000E+0004
 8.45140000000000E+0004    5.71850000000000E+0004
 8.45140000000000E+0004    5.72150000000000E+0004
 8.45140000000000E+0004    5.72450000000000E+0004
 8.45140000000000E+0004    5.72750000000000E+0004
 8.45140000000000E+0004    5.73050000000000E+0004
 8.45150000000000E+0004    5.73350000000000E+0004
 8.45150000000000E+0004    5.73650000000000E+0004
 8.45150000000000E+0004    5.73950000000000E+0004
 8.45150000000000E+0004    5.74250000000000E+0004
 8.45150000000000E+0004    5.74550000000000E+0004
 8.45150000000000E+0004    5.74850000000000E+0004
 8.45150000000000E+0004    5.75150000000000E+0004
 8.45150000000000E+0004    5.75450000000000E+0004
 8.45150000000000E+0004    5.75750000000000E+0004
 8.45150000000000E+0004    5.76050000000000E+0004
 8.45150000000000E+0004    5.76350000000000E+0004
 8.45150000000000E+0004    5.76650000000000E+0004
 8.45150000000000E+0004    5.76950000000000E+0004
 8.45150000000000E+0004    5.77250000000000E+0004
 8.45160000000000E+0004    5.77550000000000E+0004
 8.45160000000000E+0004    5.77850000000000E+0004
 8.45160000000000E+0004    5.78150000000000E+0004
 8.45160000000000E+0004    5.78450000000000E+0004
 8.45160000000000E+0004    5.78750000000000E+0004
 8.45160000000000E+0004    5.79050000000000E+0004
 8.45160000000000E+0004    5.79350000000000E+0004
 8.45160000000000E+0004    5.79650000000000E+0004
 8.45160000000000E+0004    5.79950000000000E+0004
 8.45160000000000E+0004    5.80250000000000E+0004
 8.45160000000000E+0004    5.80550000000000E+0004
 8.45160000000000E+0004    5.80850000000000E+0004
 8.45160000000000E+0004    5.81150000000000E+0004
 8.45160000000000E+0004    5.81450000000000E+0004
 8.45170000000000E+0004    5.81750000000000E+0004
 8.45170000000000E+0004    5.82050000000000E+0004
 8.45170000000000E+0004    5.82350000000000E+0004
 8.45170000000000E+0004    5.82650000000000E+0004
 8.45170000000000E+0004    5.82950000000000E+0004
 8.45170000000000E+0004    5.83250000000000E+0004
 8.45170000000000E+0004    5.83550000000000E+0004
 8.45170000000000E+0004    5.83850000000000E+0004
 8.45170000000000E+0004    5.84150000000000E+0004
 8.45170000000000E+0004    5.84450000000000E+0004
 8.45170000000000E+0004    5.84750000000000E+0004
 8.45170000000000E+0004    5.85050000000000E+0004
 8.45170000000000E+0004    5.85350000000000E+0004
 8.45170000000000E+0004    5.85650000000000E+0004
 8.45180000000000E+0004    5.85950000000000E+0004
 8.45180000000000E+0004    5.86250000000000E+0004
 8.45180000000000E+0004    5.86550000000000E+0004
 8.45180000000000E+0004    5.86850000000000E+0004
 8.45180000000000E+0004    5.87150000000000E+0004
 8.45180000000000E+0004    5.87450000000000E+0004
 8.45180000000000E+0004    5.87750000000000E+0004
 8.45180000000000E+0004    5.88050000000000E+0004
 8.45180000000000E+0004    5.88350000000000E+0004
 8.45180000000000E+0004    5.88650000000000E+0004
 8.45180000000000E+0004    5.88950000000000E+0004
 8.45180000000000E+0004    5.89250000000000E+0004
 8.45180000000000E+0004    5.89550000000000E+0004
 8.45180000000000E+0004    5.89850000000000E+0004
 8.45190000000000E+0004    5.90150000000000E+0004
 8.45190000000000E+0004    5.90450000000000E+0004
 8.45190000000000E+0004    5.90750000000000E+0004
 8.45190000000000E+0004    5.91050000000000E+0004
 8.45190000000000E+0004    5.91350000000000E+0004
 8.45190000000000E+0004    5.91650000000000E+0004
 8.45190000000000E+0004    5.91950000000000E+0004
 8.45190000000000E+0004    5.92250000000000E+0004
 8.45190000000000E+0004    5.92550000000000E+0004
 8.45190000000000E+0004    5.92850000000000E+0004
 8.45190000000000E+0004    5.93150000000000E+0004
 8.45190000000000E+0004    5.93450000000000E+0004
 8.45190000000000E+0004    5.93750000000000E+0004
 8.45190000000000E+0004    5.94050000000000E+0004
 8.45200000000000E+0004    5.94350000000000E+0004
 8.45200000000000E+0004    5.94650000000000E+0004
 8.45200000000000E+0004    5.94950000000000E+0004
 8.45200000000000E+0004    5.95250000000000E+0004
 8.45200000000000E+0004    5.95550000000000E+0004
 8.45200000000000E+0004    5.95850000000000E+0004
 8.45200000000000E+0004    5.96150000000000E+0004
 8.45200000000000E+0004    5.96450000000000E+0004
 8.45200000000000E+0004    5.96750000000000E+0004
 8.45200000000000E+0004    5.97050000000000E+0004
 8.45200000000000E+0004    5.97350000000000E+0004
 8.45200000000000E+0004    5.97650000000000E+0004
 8.45200000000000E+0004    5.97950000000000E+0004
 8.45200000000000E+0004    5.98250000000000E+0004
 8.45210000000000E+0004    5.98550000000000E+0004
 8.45210000000000E+0004    5.98850000000000E+0004
 8.45210000000000E+0004    5.99150000000000E+0004
 8.45210000000000E+0004    5.99450000000000E+0004
 8.45210000000000E+0004    5.99750000000000E+0004
 8.45210000000000E+0004    6.00050000000000E+0004
 8.45210000000000E+0004    6.00350000000000E+0004
 8.45210000000000E+0004    6.00650000000000E+0004
 8.45210000000000E+0004    6.00950000000000E+0004
 8.45210000000000E+0004    6.01250000000000E+0004
 8.45210000000000E+0004    6.01550000000000E+0004
 8.45210000000000E+0004    6.01850000000000E+0004
 8.45210000000000E+0004    6.02150000000000E+0004
 8.45210000000000E+0004    6.02450000000000E+0004
 8.45220000000000E+0004    6.02750000000000E+0004
 8.45220000000000E+0004    6.03050000000000E+0004
 8.45220000000000E+0004    6.03350000000000E+0004
 8.45220000000000E+0004    6.03650000000000E+0004
 8.45220000000000E+0004    6.03950000000000E+0004
 8.45220000000000E+0004    6.04250000000000E+0004
 8.45220000000000E+0004    6.04550000000000E+0004
 8.45220000000000E+0004    6.04850000000000E+0004
 8.45220000000000E+0004    6.05150000000000E+0004
 8.45220000000000E+0004    6.05450000000000E+0004
 8.45220000000000E+0004    6.05750000000000E+0004
 8.45220000000000E+0004    6.06050000000000E+0004
 8.45220000000000E+0004    6.06350000000000E+0004
 8.45220000000000E+0004    6.06650000000000E+0004
 8.45220000000000E+0004    6.06950000000000E+0004
 8.45230000000000E+0004    6.07250000000000E+0004
 8.45230000000000E+0004    6.07550000000000E+0004
 8.45230000000000E+0004    6.07850000000000E+0004
 8.45230000000000E+0004    6.08150000000000E+0004
 8.45230000000000E+0004    6.08450000000000E+0004
 8.45230000000000E+0004    6.08750000000000E+0004
 8.45230000000000E+0004    6.09050000000000E+0004
 8.45230000000000E+0004    6.09350000000000E+0004
 8.45230000000000E+0004    6.09650000000000E+0004
 8.45230000000000E+0004    6.09950000000000E+0004
 8.45230000000000E+0004    6.10250000000000E+0004
 8.45230000000000E+0004    6.10550000000000E+0004
 8.45230000000000E+0004    6.10850000000000E+0004
 8.45240000000000E+0004    6.11150000000000E+0004
 8.45240000000000E+0004    6.11450000000000E+0004
 8.45240000000000E+0004    6.11750000000000E+0004
 8.45240000000000E+0004    6.12050000000000E+0004
 8.45240000000000E+0004    6.12350000000000E+0004
 8.45240000000000E+0004    6.12650000000000E+0004
 8.45240000000000E+0004    6.12950000000000E+0004
 8.45240000000000E+0004    6.13250000000000E+0004
 8.45240000000000E+0004    6.13550000000000E+0004
 8.45240000000000E+0004    6.13850000000000E+0004
 8.45240000000000E+0004    6.14150000000000E+0004
 8.45240000000000E+0004    6.14450000000000E+0004
 8.45240000000000E+0004    6.14750000000000E+0004
 8.45240000000000E+0004    6.15050000000000E+0004
 8.45240000000000E+0004    6.15350000000000E+0004
 8.45250000000000E+0004    6.15650000000000E+0004
 8.45250000000000E+0004    6.15950000000000E+0004
 8.45250000000000E+0004    6.16250000000000E+0004
 8.45250000000000E+0004    6.16550000000000E+0004
 8.45250000000000E+0004    6.16850000000000E+0004
 8.45250000000000E+0004    6.17150000000000E+0004
 8.45250000000000E+0004    6.17450000000000E+0004
 8.45250000000000E+0004    6.17750000000000E+0004
 8.45250000000000E+0004    6.18050000000000E+0004
 8.45250000000000E+0004    6.18350000000000E+0004
 8.45250000000000E+0004    6.18650000000000E+0004
 8.45250000000000E+0004    6.18950000000000E+0004
 8.45250000000000E+0004    6.19250000000000E+0004
 8.45250000000000E+0004    6.19550000000000E+0004
 8.45260000000000E+0004    6.19850000000000E+0004
 8.45260000000000E+0004    6.20150000000000E+0004
 8.45260000000000E+0004    6.20450000000000E+0004
 8.45260000000000E+0004    6.20750000000000E+0004
 8.45260000000000E+0004    6.21050000000000E+0004
 8.45260000000000E+0004    6.21350000000000E+0004
 8.45260000000000E+0004    6.21650000000000E+0004
 8.45260000000000E+0004    6.21950000000000E+0004
 8.45260000000000E+0004    6.22250000000000E+0004
 8.45260000000000E+0004    6.22550000000000E+0004
 8.45260000000000E+0004    6.22850000000000E+0004
 8.45260000000000E+0004    6.23150000000000E+0004
 8.45260000000000E+0004    6.23450000000000E+0004
 8.45260000000000E+0004    6.23750000000000E+0004
 8.45270000000000E+0004    6.24050000000000E+0004
 8.45270000000000E+0004    6.24350000000000E+0004
 8.45270000000000E+0004    6.24650000000000E+0004
 8.45270000000000E+0004    6.24950000000000E+0004
 8.45270000000000E+0004    6.25250000000000E+0004
 8.45270000000000E+0004    6.25550000000000E+0004
 8.45270000000000E+0004    6.25850000000000E+0004
 8.45270000000000E+0004    6.26150000000000E+0004
 8.45270000000000E+0004    6.26450000000000E+0004
 8.45270000000000E+0004    6.26750000000000E+0004
 8.45270000000000E+0004    6.27050000000000E+0004
 8.45270000000000E+0004    6.27350000000000E+0004
 8.45270000000000E+0004    6.27650000000000E+0004
 8.45270000000000E+0004    6.27950000000000E+0004
 8.45280000000000E+0004    6.28250000000000E+0004
 8.45280000000000E+0004    6.28550000000000E+0004
 8.45280000000000E+0004    6.28850000000000E+0004
 8.45280000000000E+0004    6.29150000000000E+0004
 8.45280000000000E+0004    6.29450000000000E+0004
 8.45280000000000E+0004    6.29750000000000E+0004
 8.45280000000000E+0004    6.30050000000000E+0004
 8.45280000000000E+0004    6.30350000000000E+0004
 8.45280000000000E+0004    6.30650000000000E+0004
 8.45280000000000E+0004    6.30950000000000E+0004
 8.45280000000000E+0004    6.31250000000000E+0004
 8.45280000000000E+0004    6.31550000000000E+0004
 8.45280000000000E+0004    6.31850000000000E+0004
 8.45280000000000E+0004    6.32150000000000E+0004
 8.45290000000000E+0004    6.32450000000000E+0004
 8.45290000000000E+0004    6.32750000000000E+0004
 8.45290000000000E+0004    6.33050000000000E+0004
 8.45290000000000E+0004    6.33350000000000E+0004
 8.45290000000000E+0004    6.33650000000000E+0004
 8.45290000000000E+0004    6.33950000000000E+0004
 8.45290000000000E+0004    6.34250000000000E+0004
 8.45290000000000E+0004    6.34550000000000E+0004
 8.45290000000000E+0004    6.34850000000000E+0004
 8.45290000000000E+0004    6.35150000000000E+0004
 8.45290000000000E+0004    6.35450000000000E+0004
 8.45290000000000E+0004    6.35750000000000E+0004
 8.45290000000000E+0004    6.36050000000000E+0004
 8.45290000000000E+0004    6.36350000000000E+0004
 8.45300000000000E+0004    6.36650000000000E+0004
 8.45300000000000E+0004    6.36950000000000E+0004
 8.45300000000000E+0004    6.37250000000000E+0004
 8.45300000000000E+0004    6.37550000000000E+0004
 8.45300000000000E+0004    6.37850000000000E+0004
 8.45300000000000E+0004    6.38150000000000E+0004
 8.45300000000000E+0004    6.38450000000000E+0004
 8.45300000000000E+0004    6.38750000000000E+0004
 8.45300000000000E+0004    6.39050000000000E+0004
 8.45300000000000E+0004    6.39350000000000E+0004
 8.45300000000000E+0004    6.39650000000000E+0004
 8.45300000000000E+0004    6.39950000000000E+0004
 8.45300000000000E+0004    6.40250000000000E+0004
 8.45300000000000E+0004    6.40550000000000E+0004
 8.45310000000000E+0004    6.40850000000000E+0004
 8.45310000000000E+0004    6.41150000000000E+0004
 8.45310000000000E+0004    6.41450000000000E+0004
 8.45310000000000E+0004    6.41750000000000E+0004
 8.45310000000000E+0004    6.42050000000000E+0004
 8.45310000000000E+0004    6.42350000000000E+0004
 8.45310000000000E+0004    6.42650000000000E+0004
 8.45310000000000E+0004    6.42950000000000E+0004
 8.45310000000000E+0004    6.43250000000000E+0004
 8.45310000000000E+0004    6.43550000000000E+0004
 8.45310000000000E+0004    6.43850000000000E+0004
 8.45310000000000E+0004    6.44150000000000E+0004
 8.45310000000000E+0004    6.44450000000000E+0004
 8.45310000000000E+0004    6.44750000000000E+0004
 8.45320000000000E+0004    6.45050000000000E+0004
 8.45320000000000E+0004    6.45350000000000E+0004
 8.45320000000000E+0004    6.45650000000000E+0004
 8.45320000000000E+0004    6.45950000000000E+0004
 8.45320000000000E+0004    6.46250000000000E+0004
 8.45320000000000E+0004    6.46550000000000E+0004
 8.45320000000000E+0004    6.46850000000000E+0004
 8.45320000000000E+0004    6.47150000000000E+0004
 8.45320000000000E+0004    6.47450000000000E+0004
 8.45320000000000E+0004    6.47750000000000E+0004
 8.45320000000000E+0004    6.48050000000000E+0004
 8.45320000000000E+0004    6.48350000000000E+0004
 8.45320000000000E+0004    6.48650000000000E+0004
 8.45320000000000E+0004    6.48950000000000E+0004
 8.45330000000000E+0004    6.49250000000000E+0004
 8.45330000000000E+0004    6.49550000000000E+0004
 8.45330000000000E+0004    6.49850000000000E+0004
 8.45330000000000E+0004    6.50150000000000E+0004
 8.45330000000000E+0004    6.50450000000000E+0004
 8.45330000000000E+0004    6.50750000000000E+0004
 8.45330000000000E+0004    6.51050000000000E+0004
 8.45330000000000E+0004    6.51350000000000E+0004
 8.45330000000000E+0004    6.51650000000000E+0004
 8.45330000000000E+0004    6.51950000000000E+0004
 8.45330000000000E+0004    6.52250000000000E+0004
 8.45330000000000E+0004    6.52550000000000E+0004
 8.45330000000000E+0004    6.52850000000000E+0004
 8.45330000000000E+0004    6.53150000000000E+0004
 8.45340000000000E+0004    6.53450000000000E+0004
 8.45340000000000E+0004    6.53750000000000E+0004
 8.45340000000000E+0004    6.54050000000000E+0004
 8.45340000000000E+0004    6.54350000000000E+0004
 8.45340000000000E+0004    6.54650000000000E+0004
 8.45340000000000E+0004    6.54950000000000E+0004
 8.45340000000000E+0004    6.55250000000000E+0004
 8.45340000000000E+0004    6.55550000000000E+0004
 8.45340000000000E+0004    6.55850000000000E+0004
 8.45340000000000E+0004    6.56150000000000E+0004
 8.45340000000000E+0004    6.56450000000000E+0004
 8.45340000000000E+0004    6.56750000000000E+0004
 8.45340000000000E+0004    6.57050000000000E+0004
 8.45340000000000E+0004    6.57350000000000E+0004
 8.45350000000000E+0004    6.57650000000000E+0004
 8.45350000000000E+0004    6.57950000000000E+0004
 8.45350000000000E+0004    6.58250000000000E+0004
 8.45350000000000E+0004    6.58550000000000E+0004
 8.45350000000000E+0004    6.58850000000000E+0004
 8.45350000000000E+0004    6.59150000000000E+0004
 8.45350000000000E+0004    6.59450000000000E+0004
 8.45350000000000E+0004    6.59750000000000E+0004
 8.45350000000000E+0004    6.60050000000000E+0004
 8.45350000000000E+0004    6.60350000000000E+0004
 8.45350000000000E+0004    6.60650000000000E+0004
 8.45350000000000E+0004    6.60950000000000E+0004
 8.45350000000000E+0004    6.61250000000000E+0004
 8.45350000000000E+0004    6.61550000000000E+0004
 8.45360000000000E+0004    6.61850000000000E+0004
 8.45360000000000E+0004    6.62150000000000E+0004
 8.45360000000000E+0004    6.62450000000000E+0004
 8.45360000000000E+0004    6.62750000000000E+0004
 8.45360000000000E+0004    6.63050000000000E+0004
 8.45360000000000E+0004    6.63350000000000E+0004
 8.45360000000000E+0004    6.63650000000000E+0004
 8.45360000000000E+0004    6.63950000000000E+0004
 8.45360000000000E+0004    6.64250000000000E+0004
 8.45360000000000E+0004    6.64550000000000E+0004
 8.45360000000000E+0004    6.64850000000000E+0004
 8.45360000000000E+0004    6.65150000000000E+0004
 8.45360000000000E+0004    6.65450000000000E+0004
 8.45360000000000E+0004    6.65750000000000E+0004
 8.45370000000000E+0004    6.66050000000000E+0004
 8.45370000000000E+0004    6.66350000000000E+0004
 8.45370000000000E+0004    6.66650000000000E+0004
 8.45370000000000E+0004    6.66950000000000E+0004
 8.45370000000000E+0004    6.67250000000000E+0004
 8.45370000000000E+0004    6.67550000000000E+0004
 8.45370000000000E+0004    6.67850000000000E+0004
 8.45370000000000E+0004    6.68150000000000E+0004
 8.45370000000000E+0004    6.68450000000000E+0004
 8.45370000000000E+0004    6.68750000000000E+0004
 8.45370000000000E+0004    6.69050000000000E+0004
 8.45370000000000E+0004    6.69350000000000E+0004
 8.45370000000000E+0004    6.69650000000000E+0004
 8.45370000000000E+0004    6.69950000000000E+0004
 8.45380000000000E+0004    6.70250000000000E+0004
 8.45380000000000E+0004    6.70550000000000E+0004
 8.45380000000000E+0004    6.70850000000000E+0004
 8.45380000000000E+0004    6.71150000000000E+0004
 8.45380000000000E+0004    6.71450000000000E+0004
 8.45380000000000E+0004    6.71750000000000E+0004
 8.45380000000000E+0004    6.72050000000000E+0004
 8.45380000000000E+0004    6.72350000000000E+0004
 8.45380000000000E+0004    6.72650000000000E+0004
 8.45380000000000E+0004    6.72950000000000E+0004
 8.45380000000000E+0004    6.73250000000000E+0004
 8.45380000000000E+0004    6.73550000000000E+0004
 8.45380000000000E+0004    6.73850000000000E+0004
 8.45380000000000E+0004    6.74150000000000E+0004
 8.45390000000000E+0004    6.74450000000000E+0004
 8.45390000000000E+0004    6.74750000000000E+0004
 8.45390000000000E+0004    6.75050000000000E+0004
 8.45390000000000E+0004    6.75350000000000E+0004
 8.45390000000000E+0004    6.75650000000000E+0004
 8.45390000000000E+0004    6.75950000000000E+0004
 8.45390000000000E+0004    6.76250000000000E+0004
 8.45390000000000E+0004    6.76550000000000E+0004
 8.45390000000000E+0004    6.76850000000000E+0004
 8.45390000000000E+0004    6.77150000000000E+0004
 8.45390000000000E+0004    6.77450000000000E+0004
 8.45390000000000E+0004    6.77750000000000E+0004
 8.45390000000000E+0004    6.78050000000000E+0004
 8.45390000000000E+0004    6.78350000000000E+0004
 8.45400000000000E+0004    6.78650000000000E+0004
 8.45400000000000E+0004    6.78950000000000E+0004
 8.45400000000000E+0004    6.79250000000000E+0004
 8.45400000000000E+0004    6.79550000000000E+0004
 8.45400000000000E+0004    6.79850000000000E+0004
 8.45400000000000E+0004    6.80150000000000E+0004
 8.45400000000000E+0004    6.80450000000000E+0004
 8.45400000000000E+0004    6.80750000000000E+0004
 8.45400000000000E+0004    6.81050000000000E+0004
 8.45400000000000E+0004    6.81350000000000E+0004
 8.45400000000000E+0004    6.81650000000000E+0004
 8.45400000000000E+0004    6.81950000000000E+0004
 8.45400000000000E+0004    6.82250000000000E+0004
 8.45400000000000E+0004    6.82550000000000E+0004
 8.45410000000000E+0004    6.82850000000000E+0004
 8.45410000000000E+0004    6.83150000000000E+0004
 8.45410000000000E+0004    6.83450000000000E+0004
 8.45410000000000E+0004    6.83750000000000E+0004
 8.45410000000000E+0004    6.84050000000000E+0004
 8.45410000000000E+0004    6.84350000000000E+0004
 8.45410000000000E+0004    6.84650000000000E+0004
 8.45410000000000E+0004    6.84950000000000E+0004
 8.45410000000000E+0004    6.85250000000000E+0004
 8.45410000000000E+0004    6.85550000000000E+0004
 8.45410000000000E+0004    6.85850000000000E+0004
 8.45410000000000E+0004    6.86150000000000E+0004
 8.45410000000000E+0004    6.86450000000000E+0004
 8.45410000000000E+0004    6.86750000000000E+0004
 8.45420000000000E+0004    6.87050000000000E+0004
 8.45420000000000E+0004    6.87350000000000E+0004
 8.45420000000000E+0004    6.87650000000000E+0004
 8.45420000000000E+0004    6.87950000000000E+0004
 8.45420000000000E+0004    6.88250000000000E+0004
 8.45420000000000E+0004    6.88550000000000E+0004
 8.45420000000000E+0004    6.88850000000000E+0004
 8.45420000000000E+0004    6.89150000000000E+0004
 8.45230000000000E+0004    6.89150000000000E+0004
 8.44930000000000E+0004    6.89160000000000E+0004
 8.44630000000000E+0004    6.89160000000000E+0004
 8.44330000000000E+0004    6.89160000000000E+0004
 8.44030000000000E+0004    6.89160000000000E+0004
 8.43730000000000E+0004    6.89170000000000E+0004
 8.43430000000000E+0004    6.89170000000000E+0004
 8.43130000000000E+0004    6.89170000000000E+0004
 8.42830000000000E+0004    6.89180000000000E+0004
 8.42530000000000E+0004    6.89180000000000E+0004
 8.42230000000000E+0004    6.89180000000000E+0004
 8.41930000000000E+0004    6.89190000000000E+0004
 8.41630000000000E+0004    6.89190000000000E+0004
 8.41330000000000E+0004    6.89190000000000E+0004
 8.41030000000000E+0004    6.89190000000000E+0004
 8.40730000000000E+0004    6.89200000000000E+0004
 8.40430000000000E+0004    6.89200000000000E+0004
 8.40130000000000E+0004    6.89200000000000E+0004
 8.39830000000000E+0004    6.89210000000000E+0004
 8.39530000000000E+0004    6.89210000000000E+0004
 8.39230000000000E+0004    6.89210000000000E+0004
 8.38930000000000E+0004    6.89220000000000E+0004
 8.38630000000000E+0004    6.89220000000000E+0004
 8.38330000000000E+0004    6.89220000000000E+0004
 8.38030000000000E+0004    6.89230000000000E+0004
 8.37730000000000E+0004    6.89230000000000E+0004
 8.37430000000000E+0004    6.89230000000000E+0004
 8.37130000000000E+0004    6.89230000000000E+0004
 8.36830000000000E+0004    6.89240000000000E+0004
 8.36530000000000E+0004    6.89240000000000E+0004
 8.36230000000000E+0004    6.89240000000000E+0004
 8.35930000000000E+0004    6.89250000000000E+0004
 8.35630000000000E+0004    6.89250000000000E+0004
 8.35330000000000E+0004    6.89250000000000E+0004
 8.35030000000000E+0004    6.89260000000000E+0004
 8.34730000000000E+0004    6.89260000000000E+0004
 8.34430000000000E+0004    6.89260000000000E+0004
 8.34130000000000E+0004    6.89260000000000E+0004
 8.33830000000000E+0004    6.89270000000000E+0004
 8.33530000000000E+0004    6.89270000000000E+0004
 8.33230000000000E+0004    6.89270000000000E+0004
 8.32930000000000E+0004    6.89280000000000E+0004
 8.32630000000000E+0004    6.89280000000000E+0004
 8.32330000000000E+0004    6.89280000000000E+0004
 8.32030000000000E+0004    6.89290000000000E+0004
 8.31730000000000E+0004    6.89290000000000E+0004
 8.31430000000000E+0004    6.89290000000000E+0004
 8.31130000000000E+0004    6.89300000000000E+0004
 8.30830000000000E+0004    6.89300000000000E+0004
 8.30530000000000E+0004    6.89300000000000E+0004
 8.30230000000000E+0004    6.89300000000000E+0004
 8.29930000000000E+0004    6.89310000000000E+0004
 8.29630000000000E+0004    6.89310000000000E+0004
 8.29330000000000E+0004    6.89310000000000E+0004
 8.29030000000000E+0004    6.89320000000000E+0004
 8.28730000000000E+0004    6.89320000000000E+0004
 8.28740000000000E+0004    6.89180000000000E+0004
 8.28750000000000E+0004    6.88880000000000E+0004
 8.28760000000000E+0004    6.88580000000000E+0004
 8.28770000000000E+0004    6.88280000000000E+0004
 8.28780000000000E+0004    6.87980000000000E+0004
 8.28800000000000E+0004    6.87680000000000E+0004
 8.28810000000000E+0004    6.87380000000000E+0004
 8.28820000000000E+0004    6.87080000000000E+0004
 8.28830000000000E+0004    6.86780000000000E+0004
 8.28840000000000E+0004    6.86480000000000E+0004
 8.28860000000000E+0004    6.86180000000000E+0004
 8.28870000000000E+0004    6.85880000000000E+0004
 8.28880000000000E+0004    6.85590000000000E+0004
 8.28890000000000E+0004    6.85290000000000E+0004
 8.28900000000000E+0004    6.84990000000000E+0004
 8.28920000000000E+0004    6.84690000000000E+0004
 8.28930000000000E+0004    6.84390000000000E+0004
 8.28940000000000E+0004    6.84090000000000E+0004
 8.28950000000000E+0004    6.83790000000000E+0004
 8.28960000000000E+0004    6.83490000000000E+0004
 8.28980000000000E+0004    6.83190000000000E+0004
 8.28990000000000E+0004    6.82890000000000E+0004
 8.29000000000000E+0004    6.82590000000000E+0004
 8.29010000000000E+0004    6.82290000000000E+0004
 8.29020000000000E+0004    6.81990000000000E+0004
 8.29040000000000E+0004    6.81690000000000E+0004
 8.29050000000000E+0004    6.81390000000000E+0004
 8.29060000000000E+0004    6.81090000000000E+0004
 8.29070000000000E+0004    6.80790000000000E+0004
 8.29080000000000E+0004    6.80490000000000E+0004
 8.29100000000000E+0004    6.80190000000000E+0004
 8.29110000000000E+0004    6.79890000000000E+0004
 8.29120000000000E+0004    6.79590000000000E+0004
 8.29320000000000E+0004    6.79520000000000E+0004
 8.29600000000000E+0004    6.79410000000000E+0004
 8.29880000000000E+0004    6.79310000000000E+0004
