3219, , 0
      959926        703670
      959940        703649
      959963        703622
      959975        703611
      959992        703592
      960010        703569
      960028        703545
      960047        703519
      960067        703493
      960087        703467
      960108        703443
      960130        703421
      960131        703421
      960151        703401
      960170        703383
      960189        703366
      960209        703349
      960230        703333
      960254        703317
      960282        703300
      960314        703284
      960352        703266
      960359        703263
      960382        703254
      960407        703245
      960434        703235
      960463        703225
      960493        703215
      960525        703205
      960557        703195
      960590        703185
      960624        703175
      960656        703165
      960689        703156
      960721        703146
      960751        703137
      960780        703129
      960808        703120
      960833        703112
      960856        703105
      960876        703098
      960917        703080
      960941        703063
      960954        703048
      960966        703037
      960991        703028
      961037        703024
      961055        703024
      961078        703024
      961105        703024
      961133        703025
      961164        703026
      961196        703028
      961230        703030
      961264        703033
      961300        703035
      961335        703038
      961370        703042
      961404        703045
      961438        703049
      961471        703052
      961501        703056
      961530        703060
      961557        703063
      961580        703067
      961601        703071
      961649        703084
      961682        703098
      961703        703114
      961718        703131
      961733        703148
      961754        703164
      961779        703179
      961805        703194
      961831        703209
      961856        703224
      961882        703240
      961907        703256
      961930        703273
      961956        703297
      961983        703321
      962007        703343
      962030        703357
      962049        703361
      962066        703353
      962081        703333
      962092        703305
      962100        703268
      962107        703225
      962108        703216
      962110        703192
      962111        703164
      962111        703135
      962110        703104
      962109        703072
      962108        703039
      962108        703006
      962107        702974
      962107        702943
      962107        702913
      962107        702902
      962108        702869
      962109        702836
      962110        702802
      962111        702769
      962113        702737
      962115        702707
      962117        702679
      962120        702654
      962124        702633
      962130        702613
      962144        702586
      962163        702571
      962188        702552
      962194        702546
      962211        702528
      962212        702528
      962213        702513
      962217        702486
      962220        702464
      962226        702433
      962231        702404
      962237        702376
      962242        702348
      962243        702343
      962249        702313
      962256        702284
      962262        702255
      962267        702226
      962268        702221
      962270        702191
      962272        702161
      962273        702131
      962274        702101
      962274        702096
      962276        702065
      962278        702035
      962280        702005
      962283        701976
      962286        701954
      962289        701924
      962294        701895
      962298        701865
      962299        701860
      962303        701831
      962307        701801
      962312        701771
      962317        701741
      962318        701737
      962323        701707
      962329        701678
      962334        701648
      962341        701619
      962342        701614
      962350        701584
      962357        701555
      962366        701527
      962375        701498
      962377        701493
      962387        701465
      962398        701437
      962409        701410
      962421        701382
      962423        701378
      962435        701350
      962448        701323
      962460        701296
      962472        701268
      962474        701264
      962485        701236
      962496        701207
      962507        701179
      962517        701152
      962525        701130
      962534        701102
      962544        701075
      962555        701046
      962557        701042
      962569        701015
      962582        700988
      962595        700961
      962608        700933
      962610        700929
      962622        700901
      962634        700874
      962645        700846
      962654        700817
      962655        700812
      962661        700783
      962665        700752
      962667        700722
      962668        700693
      962668        700670
      962666        700641
      962663        700611
      962659        700581
      962658        700576
      962654        700547
      962650        700517
      962645        700487
      962641        700457
      962641        700453
      962637        700422
      962634        700392
      962632        700362
      962630        700333
      962629        700309
      962628        700279
      962628        700250
      962627        700220
      962627        700198
      962626        700169
      962625        700139
      962623        700108
      962623        700103
      962619        700073
      962615        700042
      962611        700012
      962605        699984
      962603        699974
      962594        699945
      962584        699919
      962572        699890
      962570        699886
      962559        699859
      962547        699831
      962534        699803
      962520        699776
      962518        699772
      962504        699746
      962489        699720
      962474        699694
      962459        699668
      962457        699664
      962442        699637
      962427        699610
      962413        699583
      962400        699558
      962395        699548
      962383        699521
      962371        699495
      962357        699467
      962355        699464
      962341        699439
      962325        699413
      962308        699387
      962292        699361
      962289        699356
      962273        699331
      962256        699305
      962240        699279
      962225        699255
      962220        699246
      962206        699219
      962193        699194
      962178        699167
      962176        699163
      962161        699138
      962144        699112
      962127        699087
      962109        699063
      962094        699046
      962074        699025
      962052        699006
      962029        698985
      962025        698982
      962003        698962
      961980        698943
      961956        698923
      961934        698903
      961931        698900
      961910        698878
      961889        698855
      961870        698833
      961851        698810
      961837        698792
      961820        698767
      961804        698743
      961785        698719
      961782        698715
      961763        698693
      961742        698671
      961720        698649
      961697        698630
      961694        698628
      961669        698612
      961642        698598
      961615        698585
      961588        698571
      961584        698569
      961558        698553
      961532        698538
      961507        698521
      961484        698502
      961481        698499
      961461        698477
      961444        698452
      961428        698426
      961413        698400
      961411        698396
      961398        698368
      961386        698339
      961375        698311
      961364        698285
      961359        698275
      961347        698247
      961335        698221
      961322        698194
      961313        698175
      961300        698148
      961288        698120
      961277        698091
      961276        698088
      961266        698060
      961257        698030
      961251        698001
      961251        697970
      961254        697950
      961262        697922
      961270        697901
      961261        697893
      961246        697877
      961228        697860
      961210        697841
      961190        697820
      961169        697798
      961147        697775
      961124        697751
      961100        697727
      961076        697703
      961052        697679
      961027        697656
      961002        697633
      960977        697612
      960959        697598
      960937        697580
      960914        697562
      960891        697544
      960867        697527
      960842        697509
      960818        697491
      960793        697474
      960767        697457
      960742        697439
      960717        697422
      960691        697405
      960666        697388
      960640        697371
      960615        697355
      960590        697338
      960573        697327
      960548        697311
      960524        697294
      960500        697278
      960475        697262
      960451        697246
      960426        697231
      960402        697215
      960377        697199
      960352        697184
      960326        697168
      960300        697153
      960274        697137
      960246        697122
      960219        697107
      960190        697091
      960173        697082
      960148        697069
      960122        697055
      960096        697042
      960070        697029
      960043        697016
      960017        697002
      959989        696989
      959962        696976
      959934        696963
      959906        696950
      959878        696937
      959850        696924
      959822        696912
      959794        696899
      959766        696887
      959738        696875
      959710        696863
      959682        696852
      959665        696845
      959637        696834
      959609        696823
      959581        696812
      959553        696801
      959525        696790
      959496        696779
      959468        696768
      959439        696758
      959411        696748
      959382        696738
      959354        696728
      959325        696718
      959297        696709
      959268        696701
      959240        696692
      959211        696684
      959183        696676
      959155        696669
      959142        696666
      959111        696659
      959080        696652
      959049        696646
      959017        696640
      958985        696634
      958954        696629
      958922        696624
      958890        696620
      958859        696615
      958829        696611
      958799        696607
      958769        696604
      958741        696601
      958713        696597
      958687        696595
      958662        696592
      958638        696589
      958612        696586
      958578        696581
      958548        696577
      958523        696574
      958499        696571
      958475        696569
      958449        696569
      958421        696570
      958387        696573
      958348        696578
      958335        696580
      958310        696584
      958285        696589
      958257        696594
      958229        696601
      958200        696607
      958169        696615
      958138        696622
      958107        696630
      958075        696638
      958043        696646
      958012        696654
      957980        696662
      957949        696670
      957918        696678
      957888        696685
      957859        696692
      957832        696698
      957805        696704
      957801        696705
      957767        696712
      957734        696719
      957701        696726
      957669        696734
      957637        696741
      957606        696747
      957576        696753
      957546        696759
      957517        696764
      957489        696769
      957462        696772
      957437        696775
      957412        696777
      957388        696778
      957383        696778
      957345        696778
      957311        696778
      957280        696775
      957252        696771
      957226        696763
      957201        696751
      957177        696735
      957153        696713
      957149        696709
      957134        696691
      957120        696670
      957106        696648
      957093        696623
      957081        696597
      957069        696569
      957057        696540
      957046        696509
      957035        696477
      957025        696445
      957014        696411
      957004        696377
      957002        696371
      956996        696345
      956990        696319
      956985        696291
      956980        696262
      956975        696233
      956971        696203
      956967        696172
      956963        696141
      956959        696110
      956954        696079
      956949        696047
      956944        696016
      956938        695986
      956931        695955
      956923        695926
      956914        695897
      956904        695869
      956902        695864
      956891        695837
      956878        695810
      956865        695783
      956851        695757
      956836        695731
      956820        695705
      956804        695680
      956787        695654
      956771        695629
      956753        695604
      956736        695579
      956719        695554
      956701        695529
      956684        695505
      956667        695480
      956650        695455
      956634        695430
      956620        695409
      956603        695383
      956586        695359
      956569        695334
      956552        695309
      956535        695284
      956517        695260
      956500        695235
      956483        695211
      956466        695187
      956448        695162
      956431        695137
      956415        695113
      956398        695088
      956382        695063
      956366        695037
      956350        695012
      956337        694991
      956319        694964
      956300        694936
      956280        694907
      956260        694878
      956239        694848
      956219        694819
      956199        694789
      956180        694761
      956163        694732
      956147        694705
      956134        694678
      956123        694653
      956115        694629
      956110        694607
      956108        694586
      956111        694568
      956111        694567
      956121        694548
      956135        694533
      956155        694520
      956178        694509
      956206        694501
      956236        694493
      956269        694487
      956303        694482
      956339        694476
      956375        694470
      956411        694464
      956446        694456
      956480        694447
      956512        694436
      956514        694435
      956540        694425
      956566        694415
      956594        694405
      956622        694395
      956650        694384
      956679        694374
      956708        694363
      956737        694351
      956766        694340
      956795        694327
      956823        694315
      956851        694302
      956878        694288
      956905        694273
      956931        694258
      956955        694243
      956979        694226
      956987        694220
      957010        694202
      957033        694182
      957055        694162
      957076        694141
      957097        694119
      957117        694097
      957136        694074
      957156        694051
      957174        694027
      957193        694003
      957211        693979
      957229        693955
      957247        693930
      957265        693905
      957282        693881
      957300        693856
      957314        693836
      957332        693812
      957349        693787
      957366        693762
      957383        693737
      957400        693712
      957416        693686
      957433        693660
      957449        693634
      957464        693608
      957480        693582
      957495        693555
      957509        693529
      957523        693503
      957536        693476
      957549        693450
      957561        693424
      957568        693408
      957580        693380
      957592        693352
      957603        693323
      957614        693295
      957624        693267
      957633        693238
      957642        693210
      957651        693181
      957659        693152
      957666        693123
      957673        693094
      957680        693065
      957685        693036
      957691        693007
      957696        692977
      957700        692950
      957704        692920
      957707        692890
      957709        692859
      957711        692828
      957712        692798
      957713        692767
      957713        692736
      957713        692705
      957713        692674
      957713        692644
      957712        692614
      957712        692584
      957711        692555
      957711        692527
      957710        692499
      957710        692494
      957709        692461
      957709        692430
      957708        692399
      957707        692369
      957706        692339
      957704        692310
      957702        692281
      957700        692252
      957698        692224
      957694        692195
      957691        692165
      957687        692135
      957682        692105
      957681        692097
      957676        692069
      957672        692039
      957667        692010
      957662        691980
      957657        691950
      957652        691920
      957645        691890
      957639        691860
      957631        691831
      957623        691801
      957613        691773
      957602        691744
      957590        691717
      957577        691690
      957563        691666
      957548        691644
      957532        691623
      957514        691603
      957496        691583
      957477        691564
      957457        691545
      957436        691526
      957415        691506
      957393        691485
      957371        691463
      957349        691438
      957326        691412
      957304        691383
      957281        691352
      957281        691352
      957267        691331
      957253        691309
      957239        691286
      957225        691262
      957210        691236
      957196        691210
      957181        691183
      957166        691155
      957151        691126
      957135        691097
      957120        691068
      957104        691039
      957089        691010
      957073        690981
      957057        690952
      957042        690923
      957026        690895
      957010        690868
      956995        690841
      956979        690815
      956964        690790
      956948        690767
      956933        690744
      956918        690723
      956903        690704
      956892        690691
      956869        690664
      956846        690640
      956823        690619
      956800        690600
      956778        690583
      956756        690567
      956733        690552
      956711        690538
      956688        690524
      956664        690510
      956640        690495
      956615        690479
      956589        690462
      956563        690443
      956535        690422
      956519        690409
      956498        690392
      956477        690375
      956455        690357
      956432        690338
      956409        690319
      956386        690299
      956363        690279
      956339        690259
      956315        690239
      956290        690219
      956266        690198
      956242        690178
      956217        690158
      956193        690138
      956169        690118
      956144        690099
      956120        690080
      956097        690062
      956073        690044
      956050        690027
      956027        690011
      956016        690003
      955989        689985
      955962        689967
      955935        689950
      955908        689933
      955881        689916
      955854        689900
      955827        689884
      955800        689869
      955774        689854
      955748        689839
      955722        689825
      955696        689810
      955671        689797
      955646        689783
      955621        689769
      955597        689756
      955574        689743
      955551        689730
      955535        689721
      955507        689704
      955481        689689
      955457        689674
      955435        689659
      955412        689646
      955390        689632
      955368        689619
      955345        689606
      955320        689592
      955293        689579
      955263        689565
      955230        689551
      955194        689536
      955176        689529
      955152        689520
      955127        689511
      955101        689501
      955074        689492
      955046        689482
      955017        689473
      954987        689463
      954957        689453
      954926        689443
      954895        689433
      954864        689424
      954832        689414
      954801        689404
      954770        689395
      954739        689385
      954708        689376
      954678        689367
      954648        689359
      954619        689350
      954591        689342
      954564        689334
      954538        689326
      954513        689319
      954501        689315
      954467        689305
      954436        689296
      954406        689287
      954378        689278
      954351        689269
      954325        689261
      954299        689253
      954274        689246
      954248        689239
      954222        689232
      954195        689226
      954167        689220
      954137        689215
      954106        689209
      954073        689204
      954037        689200
      954024        689199
      953999        689196
      953973        689194
      953947        689192
      953921        689190
      953894        689188
      953866        689187
      953838        689186
      953810        689185
      953781        689184
      953751        689183
      953722        689182
      953692        689182
      953661        689182
      953630        689181
      953599        689181
      953567        689181
      953535        689181
      953503        689180
      953470        689180
      953437        689180
      953404        689180
      953370        689180
      953336        689179
      953302        689179
      953282        689179
      953255        689178
      953226        689178
      953197        689178
      953168        689178
      953138        689177
      953107        689177
      953076        689177
      953044        689177
      953012        689176
      952980        689176
      952948        689176
      952915        689176
      952883        689176
      952850        689176
      952818        689176
      952785        689176
      952753        689176
      952721        689176
      952689        689176
      952657        689176
      952626        689176
      952596        689176
      952565        689176
      952536        689176
      952507        689177
      952479        689177
      952451        689177
      952425        689178
      952399        689178
      952374        689179
      952350        689179
      952321        689180
      952283        689181
      952246        689182
      952212        689183
      952180        689184
      952149        689185
      952120        689186
      952092        689188
      952065        689189
      952038        689191
      952012        689193
      951986        689195
      951960        689197
      951934        689199
      951907        689202
      951879        689205
      951850        689208
      951820        689211
      951792        689214
      951763        689217
      951734        689221
      951705        689224
      951676        689228
      951647        689232
      951617        689236
      951588        689240
      951558        689244
      951528        689249
      951498        689253
      951469        689258
      951439        689263
      951409        689268
      951379        689274
      951349        689279
      951318        689285
      951288        689292
      951258        689298
      951252        689299
      951224        689306
      951195        689312
      951165        689319
      951136        689326
      951106        689333
      951076        689340
      951046        689348
      951016        689355
      950986        689363
      950956        689371
      950927        689380
      950897        689388
      950868        689397
      950839        689405
      950810        689414
      950782        689423
      950754        689432
      950727        689441
      950700        689451
      950674        689460
      950648        689470
      950619        689482
      950592        689493
      950566        689505
      950541        689517
      950517        689530
      950493        689542
      950469        689555
      950445        689568
      950421        689581
      950396        689595
      950370        689609
      950343        689623
      950315        689637
      950285        689652
      950253        689667
      950219        689682
      950215        689684
      950191        689694
      950166        689705
      950140        689715
      950113        689726
      950085        689737
      950057        689749
      950027        689760
      949997        689772
      949967        689784
      949936        689796
      949905        689807
      949874        689820
      949843        689832
      949812        689844
      949781        689856
      949751        689868
      949721        689880
      949692        689892
      949663        689903
      949635        689915
      949608        689927
      949583        689938
      949558        689949
      949535        689960
      949513        689971
      949492        689981
      949458        690000
      949424        690020
      949394        690040
      949367        690059
      949343        690078
      949321        690097
      949301        690115
      949282        690133
      949264        690151
      949247        690170
      949229        690188
      949210        690206
      949190        690224
      949171        690242
      949150        690262
      949130        690282
      949112        690302
      949094        690322
      949076        690342
      949057        690362
      949037        690384
      949015        690406
      948990        690430
      948963        690456
      948949        690469
      948930        690488
      948910        690507
      948889        690528
      948867        690550
      948844        690573
      948821        690596
      948798        690619
      948774        690642
      948750        690665
      948726        690687
      948701        690708
      948677        690728
      948653        690747
      948629        690765
      948606        690780
      948582        690794
      948560        690805
      948536        690815
      948507        690823
      948479        690829
      948452        690831
      948425        690831
      948398        690830
      948371        690827
      948343        690823
      948313        690819
      948282        690815
      948249        690812
      948214        690810
      948176        690810
      948153        690811
      948127        690811
      948100        690812
      948071        690813
      948042        690814
      948011        690815
      947980        690816
      947948        690817
      947916        690818
      947884        690819
      947851        690820
      947819        690821
      947786        690822
      947754        690823
      947723        690824
      947691        690825
      947661        690826
      947631        690827
      947603        690828
      947575        690829
      947549        690830
      947523        690831
      947488        690832
      947456        690833
      947425        690834
      947394        690835
      947365        690836
      947336        690837
      947308        690838
      947280        690839
      947252        690840
      947225        690841
      947196        690842
      947167        690843
      947138        690845
      947107        690846
      947080        690847
      947052        690848
      947024        690850
      946995        690851
      946967        690852
      946938        690853
      946910        690854
      946881        690856
      946852        690857
      946822        690859
      946792        690861
      946761        690863
      946729        690865
      946697        690867
      946664        690870
      946630        690873
      946606        690875
      946578        690878
      946550        690881
      946520        690884
      946490        690887
      946460        690890
      946429        690894
      946398        690897
      946367        690901
      946335        690904
      946304        690908
      946272        690912
      946241        690916
      946210        690920
      946179        690923
      946148        690927
      946119        690931
      946090        690935
      946061        690939
      946034        690943
      946007        690947
      945978        690952
      945946        690957
      945915        690962
      945885        690968
      945856        690974
      945828        690979
      945800        690985
      945773        690991
      945745        690997
      945718        691002
      945690        691008
      945662        691013
      945633        691019
      945603        691024
      945572        691029
      945539        691034
      945521        691037
      945494        691040
      945465        691044
      945437        691048
      945407        691052
      945377        691056
      945347        691060
      945316        691064
      945286        691068
      945255        691071
      945224        691075
      945193        691078
      945162        691082
      945131        691085
      945100        691087
      945070        691090
      945040        691092
      945010        691095
      944981        691096
      944953        691098
      944944        691098
      944913        691100
      944881        691101
      944850        691102
      944820        691103
      944789        691103
      944759        691104
      944729        691104
      944699        691104
      944669        691103
      944640        691102
      944610        691101
      944581        691100
      944552        691099
      944523        691097
      944493        691094
      944464        691092
      944435        691089
      944416        691087
      944386        691083
      944356        691079
      944326        691074
      944297        691069
      944268        691064
      944239        691059
      944209        691053
      944180        691047
      944151        691040
      944122        691034
      944093        691027
      944064        691020
      944034        691013
      944005        691007
      943975        691000
      943945        690993
      943926        690989
      943897        690982
      943868        690975
      943839        690968
      943809        690961
      943779        690953
      943750        690946
      943720        690938
      943690        690930
      943660        690923
      943631        690915
      943601        690907
      943572        690900
      943543        690892
      943514        690885
      943486        690878
      943458        690871
      943431        690864
      943429        690863
      943397        690856
      943367        690848
      943337        690841
      943308        690834
      943280        690827
      943251        690820
      943223        690814
      943195        690807
      943167        690800
      943139        690794
      943110        690787
      943081        690780
      943052        690773
      943022        690766
      942991        690759
      942989        690759
      942961        690752
      942933        690746
      942905        690740
      942877        690733
      942848        690727
      942819        690721
      942790        690715
      942760        690708
      942731        690702
      942701        690695
      942672        690689
      942642        690682
      942612        690675
      942582        690667
      942552        690660
      942522        690652
      942492        690644
      942484        690642
      942456        690634
      942428        690626
      942400        690617
      942372        690609
      942343        690600
      942315        690591
      942287        690581
      942258        690572
      942229        690562
      942201        690553
      942172        690543
      942143        690534
      942114        690525
      942085        690515
      942056        690506
      942027        690497
      941998        690488
      941969        690479
      941945        690472
      941916        690464
      941888        690455
      941859        690447
      941830        690439
      941801        690431
      941773        690423
      941744        690415
      941715        690407
      941686        690399
      941656        690391
      941627        690383
      941598        690376
      941569        690368
      941540        690360
      941511        690352
      941482        690344
      941453        690336
      941424        690328
      941399        690321
      941371        690313
      941342        690305
      941313        690297
      941284        690289
      941255        690281
      941226        690272
      941197        690264
      941168        690256
      941139        690248
      941110        690240
      941081        690232
      941053        690224
      941024        690216
      940995        690208
      940966        690200
      940937        690192
      940908        690185
      940879        690177
      940858        690171
      940828        690164
      940798        690156
      940769        690149
      940739        690141
      940709        690134
      940678        690126
      940648        690119
      940618        690111
      940589        690104
      940559        690097
      940529        690090
      940500        690083
      940471        690076
      940443        690069
      940414        690063
      940387        690056
      940360        690050
      940333        690044
      940301        690037
      940271        690029
      940241        690021
      940213        690013
      940185        690005
      940158        689998
      940131        689990
      940104        689984
      940076        689977
      940049        689971
      940020        689966
      939990        689961
      939959        689957
      939927        689954
      939893        689952
      939883        689952
      939856        689951
      939828        689951
      939799        689951
      939769        689952
      939738        689953
      939706        689955
      939674        689957
      939642        689959
      939610        689961
      939577        689964
      939545        689967
      939513        689970
      939481        689973
      939450        689977
      939419        689980
      939390        689983
      939361        689987
      939334        689990
      939308        689994
      939283        689997
      939264        690000
      939226        690007
      939191        690015
      939157        690024
      939124        690033
      939093        690043
      939064        690052
      939036        690061
      939010        690068
      938985        690075
      938961        690080
      938939        690083
      938918        690083
      938883        690076
      938857        690061
      938838        690040
      938821        690017
      938801        689994
      938775        689975
      938772        689973
      938748        689961
      938723        689948
      938697        689936
      938669        689923
      938640        689912
      938610        689903
      938579        689895
      938546        689889
      938533        689888
      938506        689886
      938479        689887
      938451        689889
      938422        689892
      938393        689895
      938362        689899
      938331        689902
      938298        689904
      938265        689905
      938231        689904
      938206        689902
      938179        689900
      938150        689897
      938121        689893
      938091        689889
      938061        689884
      938031        689879
      938000        689875
      937969        689870
      937938        689866
      937907        689862
      937876        689858
      937846        689856
      937816        689854
      937791        689853
      937761        689852
      937731        689852
      937701        689852
      937671        689852
      937641        689852
      937611        689853
      937581        689854
      937551        689856
      937521        689857
      937491        689860
      937461        689862
      937431        689865
      937418        689866
      937406        689860
      937380        689846
      937355        689832
      937329        689818
      937303        689803
      937278        689788
      937253        689772
      937227        689757
      937202        689740
      937177        689724
      937152        689707
      937127        689690
      937102        689672
      937077        689654
      937052        689636
      937028        689617
      937003        689598
      936979        689578
      936954        689559
      936936        689543
      936913        689523
      936890        689502
      936867        689480
      936844        689457
      936820        689434
      936797        689410
      936773        689385
      936749        689360
      936726        689335
      936703        689310
      936680        689285
      936657        689261
      936635        689237
      936614        689214
      936593        689192
      936573        689171
      936553        689151
      936535        689132
      936517        689115
      936500        689099
      936485        689086
      936470        689074
      936424        689043
      936401        689040
      936386        689052
      936365        689067
      936320        689072
      936312        689071
      936290        689070
      936265        689069
      936239        689067
      936211        689065
      936182        689064
      936151        689062
      936120        689060
      936088        689057
      936055        689055
      936021        689052
      935988        689049
      935955        689046
      935922        689043
      935890        689039
      935859        689035
      935846        689033
      935817        689029
      935787        689025
      935758        689020
      935728        689015
      935698        689010
      935669        689004
      935639        688999
      935609        688993
      935579        688987
      935549        688982
      935519        688976
      935490        688970
      935460        688964
      935431        688958
      935402        688953
      935373        688947
      935359        688944
      935329        688938
      935299        688933
      935271        688927
      935242        688922
      935214        688916
      935185        688910
      935157        688905
      935129        688899
      935100        688893
      935071        688887
      935042        688881
      935012        688875
      934981        688868
      934950        688861
      934918        688854
      934918        688854
      934891        688848
      934863        688842
      934834        688835
      934805        688828
      934776        688821
      934745        688814
      934715        688807
      934684        688800
      934654        688792
      934623        688785
      934592        688777
      934562        688770
      934532        688763
      934502        688756
      934473        688749
      934444        688742
      934416        688735
      934389        688729
      934363        688723
      934348        688720
      934316        688712
      934286        688704
      934256        688697
      934228        688689
      934200        688682
      934173        688675
      934146        688668
      934119        688661
      934092        688655
      934064        688649
      934035        688643
      934005        688638
      933973        688634
      933940        688630
      933921        688628
      933894        688626
      933866        688624
      933837        688622
      933807        688621
      933777        688620
      933747        688619
      933716        688618
      933685        688618
      933654        688618
      933622        688617
      933529        688617
      933498        688618
      933467        688618
      933437        688617
      933408        688617
      933379        688617
      933353        688617
      933322        688616
      933291        688615
      933261        688614
      933231        688614
      933202        688613
      933172        688612
      933143        688611
      933114        688611
      933084        688610
      933055        688610
      933026        688610
      932996        688611
      932966        688612
      932936        688613
      932905        688615
      932874        688617
      932859        688618
      932830        688621
      932801        688625
      932771        688629
      932741        688634
      932711        688639
      932681        688644
      932651        688649
      932620        688655
      932590        688660
      932560        688666
      932529        688672
      932499        688677
      932469        688683
      932440        688688
      932410        688693
      932382        688697
      932353        688701
      932325        688704
      932324        688704
      932292        688707
      932261        688710
      932230        688712
      932199        688714
      932169        688716
      932139        688717
      932109        688718
      932079        688719
      932050        688720
      932020        688720
      931991        688721
      931962        688722
      931933        688724
      931904        688725
      931874        688727
      931845        688729
      931832        688730
      931801        688733
      931771        688735
      931740        688738
      931710        688741
      931679        688743
      931649        688746
      931619        688749
      931589        688753
      931559        688756
      931529        688759
      931500        688763
      931470        688767
      931442        688771
      931413        688775
      931385        688780
      931364        688784
      931334        688789
      931306        688795
      931279        688802
      931252        688808
      931225        688815
      931199        688822
      931172        688829
      931144        688837
      931116        688844
      931086        688851
      931054        688859
      931021        688866
      930985        688873
      930966        688877
      930941        688881
      930914        688886
      930886        688891
      930857        688896
      930828        688900
      930797        688905
      930767        688910
      930736        688915
      930704        688920
      930673        688925
      930641        688930
      930610        688935
      930578        688940
      930547        688945
      930516        688950
      930486        688955
      930456        688960
      930427        688965
      930399        688970
      930371        688975
      930361        688977
      930329        688983
      930298        688989
      930267        688995
      930237        689002
      930207        689008
      930178        689014
      930149        689020
      930120        689027
      930092        689033
      930063        689039
      930035        689046
      930007        689052
      929978        689059
      929950        689065
      929921        689072
      929892        689078
      929863        689085
      929850        689088
      929821        689095
      929792        689101
      929763        689108
      929733        689115
      929704        689121
      929675        689128
      929645        689135
      929616        689142
      929587        689149
      929557        689155
      929528        689162
      929499        689169
      929470        689176
      929441        689184
      929412        689191
      929383        689198
      929354        689205
      929352        689206
      929322        689213
      929293        689220
      929264        689228
      929235        689235
      929205        689242
      929176        689249
      929147        689257
      929118        689264
      929089        689272
      929060        689279
      929031        689287
      929002        689295
      928974        689303
      928945        689311
      928916        689320
      928888        689328
      928859        689337
      928858        689337
      928829        689346
      928800        689355
      928771        689363
      928742        689371
      928712        689380
      928683        689388
      928653        689397
      928624        689406
      928595        689415
      928566        689425
      928538        689435
      928510        689446
      928482        689457
      928456        689469
      928429        689483
      928404        689497
      928379        689512
      928360        689525
      928336        689542
      928312        689560
      928289        689579
      928266        689599
      928243        689619
      928221        689640
      928200        689662
      928179        689684
      928158        689706
      928138        689730
      928119        689753
      928100        689777
      928082        689801
      928064        689826
      928047        689850
      928030        689875
      928029        689876
      928013        689901
      927998        689927
      927984        689952
      927970        689979
      927957        690006
      927944        690033
      927932        690060
      927920        690088
      927909        690116
      927898        690145
      927887        690173
      927877        690202
      927867        690231
      927857        690259
      927848        690288
      927839        690317
      927830        690346
      927827        690355
      927819        690384
      927810        690412
      927802        690441
      927794        690471
      927787        690500
      927780        690529
      927773        690559
      927766        690589
      927760        690618
      927755        690648
      927749        690678
      927745        690708
      927741        690737
      927737        690767
      927734        690797
      927732        690827
      927730        690856
      927730        690859
      927729        690889
      927729        690921
      927730        690953
      927732        690986
      927734        691019
      927737        691052
      927740        691086
      927744        691119
      927748        691151
      927752        691183
      927756        691213
      927761        691243
      927766        691271
      927770        691298
      927775        691323
      927779        691345
      927783        691366
      927788        691402
      927790        691435
      927790        691457
      927797        691473
      927819        691491
      927861        691519
      927866        691522
      927883        691533
      927902        691544
      927923        691555
      927946        691568
      927970        691580
      927995        691593
      928022        691607
      928049        691620
      928078        691634
      928108        691647
      928138        691661
      928168        691674
      928200        691687
      928231        691700
      928263        691713
      928294        691725
      928326        691736
      928357        691747
      928388        691757
      928418        691766
      928429        691769
      928457        691777
      928485        691784
      928514        691791
      928543        691798
      928572        691804
      928602        691810
      928631        691816
      928662        691821
      928692        691826
      928722        691831
      928753        691836
      928783        691840
      928814        691844
      928844        691849
      928875        691853
      928905        691856
      928935        691860
      928965        691864
      928994        691867
      929024        691870
      929053        691874
      929081        691877
      929088        691878
      929120        691881
      929151        691883
      929182        691885
      929213        691886
      929244        691886
      929275        691887
      929306        691887
      929337        691886
      929367        691886
      929398        691886
      929428        691886
      929458        691887
      929488        691888
      929517        691889
      929546        691891
      929575        691893
      929603        691896
      929632        691901
      929660        691906
      929687        691912
      929702        691916
      929732        691925
      929761        691935
      929791        691945
      929820        691957
      929848        691970
      929877        691983
      929905        691997
      929933        692011
      929960        692026
      929988        692041
      930014        692056
      930040        692071
      930066        692086
      930091        692100
      930116        692115
      930140        692129
      930163        692142
      930186        692155
      930194        692160
      930225        692177
      930256        692193
      930286        692210
      930315        692226
      930343        692242
      930370        692258
      930396        692274
      930420        692290
      930443        692306
      930465        692322
      930485        692339
      930502        692356
      930518        692374
      930533        692396
      930546        692424
      930554        692453
      930558        692482
      930559        692511
      930560        692541
      930562        692571
      930567        692601
      930575        692632
      930579        692645
      930584        692672
      930586        692699
      930588        692728
      930590        692756
      930594        692785
      930603        692813
      930617        692840
      930639        692866
      930670        692892
      930712        692915
      930725        692921
      930744        692928
      930765        692936
      930788        692943
      930813        692951
      930839        692958
      930866        692965
      930894        692972
      930924        692978
      930955        692985
      930986        692992
      931018        692998
      931051        693004
      931085        693011
      931118        693017
      931152        693023
      931186        693029
      931220        693035
      931254        693041
      931288        693047
      931321        693053
      931354        693059
      931386        693064
      931417        693070
      931448        693076
      931477        693082
      931506        693088
      931533        693093
      931559        693099
      931583        693105
      931600        693109
      931636        693118
      931671        693127
      931705        693136
      931737        693144
      931767        693153
      931797        693161
      931826        693169
      931854        693177
      931881        693185
      931907        693193
      931934        693201
      931959        693209
      931985        693218
      932010        693227
      932036        693236
      932061        693245
      932087        693255
      932113        693265
      932129        693272
      932157        693283
      932184        693296
      932210        693308
      932235        693321
      932260        693333
      932284        693347
      932309        693360
      932333        693373
      932358        693387
      932383        693401
      932409        693415
      932436        693430
      932464        693445
      932493        693460
      932524        693475
      932556        693490
      932558        693491
      932582        693502
      932606        693513
      932632        693525
      932658        693537
      932685        693549
      932713        693561
      932741        693574
      932770        693587
      932799        693600
      932829        693613
      932859        693626
      932888        693639
      932918        693652
      932948        693665
      932977        693677
      933006        693690
      933035        693702
      933064        693714
      933092        693726
      933119        693737
      933145        693748
      933171        693758
      933195        693768
      933219        693777
      933246        693787
      933279        693800
      933312        693811
      933343        693822
      933373        693833
      933402        693842
      933431        693851
      933458        693860
      933485        693868
      933512        693876
      933538        693884
      933565        693892
      933591        693899
      933617        693907
      933643        693915
      933669        693923
      933681        693927
      933712        693936
      933741        693946
      933770        693955
      933798        693964
      933826        693972
      933854        693981
      933882        693989
      933909        693998
      933937        694006
      933965        694014
      933994        694022
      934024        694030
      934054        694038
      934082        694045
      934112        694051
      934144        694057
      934177        694063
      934211        694068
      934245        694074
      934279        694079
      934313        694085
      934345        694090
      934376        694097
      934405        694103
      934431        694110
      934455        694118
      934475        694127
      934492        694136
      934509        694150
      934528        694175
      934534        694202
      934532        694231
      934523        694263
      934510        694297
      934496        694334
      934495        694336
      934485        694359
      934471        694383
      934454        694408
      934435        694435
      934414        694463
      934394        694490
      934373        694518
      934354        694546
      934337        694572
      934322        694597
      934311        694621
      934305        694643
      934304        694648
      934303        694681
      934308        694712
      934320        694740
      934336        694766
      934356        694790
      934378        694813
      934401        694835
      934415        694848
      934430        694862
      934444        694873
      934460        694884
      934479        694894
      934505        694906
      934538        694918
      934581        694934
      934637        694953
      934638        694953
      934658        694960
      934679        694967
      934703        694974
      934728        694981
      934755        694989
      934784        694998
      934814        695006
      934845        695015
      934877        695024
      934910        695033
      934943        695042
      934977        695051
      935012        695061
      935047        695070
      935081        695080
      935116        695090
      935150        695099
      935184        695109
      935218        695118
      935250        695127
      935282        695136
      935313        695145
      935342        695154
      935371        695163
      935397        695171
      935422        695179
      935445        695186
      935466        695194
      935485        695201
      935502        695207
      935548        695228
      935587        695257
      935589        695280
      935574        695302
      935564        695329
      935560        695346
      935543        695370
      935520        695395
      935500        695422
      935492        695452
      935503        695488
      935508        695495
      935521        695511
      935538        695528
      935557        695546
      935580        695565
      935604        695584
      935631        695604
      935658        695624
      935685        695644
      935713        695665
      935741        695685
      935767        695706
      935792        695726
      935815        695746
      935836        695765
      935853        695782
      935873        695805
      935891        695826
      935907        695848
      935922        695870
      935938        695891
      935953        695913
      935970        695936
      935988        695959
      936009        695984
      936033        696009
      936061        696036
      936066        696041
      936084        696057
      936103        696075
      936123        696093
      936144        696111
      936165        696131
      936188        696150
      936211        696170
      936234        696190
      936258        696210
      936283        696231
      936307        696251
      936333        696271
      936358        696291
      936384        696310
      936409        696329
      936435        696348
      936461        696366
      936486        696383
      936512        696399
      936537        696415
      936556        696427
      936583        696442
      936610        696458
      936638        696473
      936667        696488
      936696        696503
      936725        696518
      936754        696533
      936783        696546
      936812        696560
      936841        696573
      936870        696585
      936899        696596
      936927        696607
      936954        696617
      936981        696626
      937007        696634
      937032        696641
      937057        696646
      937080        696651
      937082        696651
      937118        696655
      937154        696655
      937188        696651
      937221        696644
      937253        696635
      937283        696625
      937312        696614
      937339        696603
      937365        696593
      937389        696584
      937412        696577
      937433        696573
      937455        696571
      937492        696573
      937517        696580
      937539        696589
      937564        696596
      937577        696597
      937610        696596
      937643        696593
      937672        696599
      937695        696620
      937700        696630
      937706        696651
      937711        696677
      937713        696705
      937715        696737
      937717        696770
      937719        696805
      937723        696840
      937728        696875
      937732        696894
      937737        696922
      937742        696952
      937748        696983
      937754        697015
      937760        697048
      937767        697080
      937775        697111
      937782        697141
      937791        697169
      937800        697194
      937809        697217
      937811        697221
      937828        697252
      937848        697277
      937869        697298
      937891        697316
      937913        697334
      937935        697352
      937956        697372
      937959        697375
      937979        697396
      938000        697418
      938020        697440
      938041        697462
      938061        697483
      938083        697505
      938104        697526
      938109        697531
      938128        697551
      938146        697571
      938163        697590
      938182        697610
      938205        697630
      938232        697650
      938265        697671
      938279        697679
      938300        697693
      938322        697708
      938345        697725
      938369        697742
      938395        697759
      938422        697775
      938450        697791
      938479        697805
      938509        697817
      938540        697827
      938573        697833
      938606        697836
      938641        697835
      938651        697834
      938676        697830
      938701        697823
      938728        697815
      938756        697805
      938785        697794
      938815        697781
      938845        697768
      938876        697753
      938907        697738
      938938        697723
      938969        697707
      938999        697691
      939029        697675
      939059        697660
      939088        697645
      939115        697631
      939142        697618
      939167        697606
      939190        697596
      939212        697587
      939232        697580
      939251        697574
      939293        697559
      939323        697549
      939346        697544
      939366        697543
      939388        697547
      939415        697557
      939453        697573
      939456        697574
      939475        697583
      939496        697594
      939517        697607
      939539        697621
      939561        697636
      939584        697652
      939609        697670
      939633        697688
      939659        697706
      939685        697725
      939711        697744
      939739        697764
      939766        697783
      939795        697802
      939824        697820
      939853        697838
      939883        697855
      939890        697859
      939914        697872
      939939        697885
      939964        697899
      939989        697912
      940015        697926
      940042        697940
      940069        697953
      940096        697967
      940124        697981
      940152        697995
      940180        698008
      940208        698022
      940236        698035
      940265        698049
      940293        698062
      940322        698074
      940350        698087
      940378        698099
      940405        698111
      940433        698122
      940460        698133
      940487        698144
      940496        698148
      940525        698159
      940555        698169
      940584        698179
      940614        698189
      940643        698198
      940673        698207
      940702        698216
      940731        698225
      940761        698233
      940790        698241
      940819        698249
      940848        698257
      940876        698264
      940905        698272
      940933        698280
      940961        698287
      940989        698295
      941017        698302
      941044        698310
      941071        698318
      941087        698323
      941118        698332
      941150        698342
      941182        698352
      941213        698362
      941245        698372
      941277        698382
      941308        698391
      941338        698401
      941368        698410
      941398        698419
      941426        698428
      941454        698436
      941481        698443
      941506        698450
      941531        698456
      941554        698462
      941575        698466
      941592        698469
      941631        698476
      941660        698479
      941683        698479
      941705        698476
      941729        698472
      941758        698466
      941796        698459
      941813        698456
      941839        698450
      941869        698443
      941901        698435
      941935        698426
      941969        698416
      942004        698407
      942039        698397
      942074        698388
      942106        698380
      942137        698372
      942165        698366
      942189        698362
      942210        698359
      942226        698359
      942240        698362
      942249        698379
      942233        698409
      942209        698447
      942192        698486
      942191        698491
      942186        698516
      942180        698542
      942175        698570
      942170        698599
      942166        698631
      942165        698665
      942166        698701
      942166        698706
      942167        698731
      942168        698759
      942168        698788
      942168        698818
      942170        698849
      942173        698880
      942178        698911
      942186        698942
      942198        698973
      942213        699002
      942233        699030
      942238        699035
      942253        699053
      942271        699071
      942289        699089
      942309        699106
      942331        699124
      942353        699141
      942377        699159
      942402        699176
      942428        699192
      942455        699209
      942484        699225
      942512        699241
      942542        699256
      942573        699271
      942604        699285
      942636        699299
      942669        699312
      942672        699313
      942696        699322
      942721        699330
      942747        699338
      942774        699346
      942801        699354
      942830        699361
      942858        699368
      942888        699374
      942917        699380
      942948        699387
      942978        699393
      943009        699399
      943040        699405
      943071        699410
      943102        699416
      943133        699422
      943164        699428
      943195        699434
      943226        699440
      943256        699446
      943286        699453
      943316        699459
      943345        699466
      943374        699473
      943375        699473
      943405        699481
      943436        699489
      943468        699497
      943500        699506
      943532        699515
      943565        699524
      943598        699533
      943631        699542
      943664        699551
      943696        699560
      943728        699569
      943760        699578
      943791        699587
      943821        699596
      943850        699604
      943879        699612
      943906        699621
      943932        699628
      943957        699636
      943980        699643
      944001        699649
      944021        699655
      944039        699661
      944064        699668
      944118        699680
      944141        699682
      944147        699691
      944153        699721
      944154        699725
      944155        699746
      944153        699771
      944148        699799
      944142        699830
      944135        699863
      944129        699896
      944123        699930
      944120        699964
      944120        699997
      944124        700028
      944133        700057
      944134        700060
      944146        700083
      944161        700106
      944179        700129
      944199        700151
      944220        700174
      944243        700195
      944267        700217
      944292        700237
      944317        700258
      944343        700277
      944368        700296
      944392        700315
      944415        700332
      944436        700347
      944462        700363
      944490        700377
      944517        700390
      944545        700403
      944573        700415
      944601        700427
      944628        700440
      944654        700454
      944679        700470
      944702        700487
      944723        700507
      944729        700514
      944743        700537
      944753        700564
      944759        700594
      944763        700625
      944766        700657
      944770        700689
      944776        700720
      944786        700750
      944801        700777
      944823        700801
      944852        700821
      944891        700836
      944899        700838
      944919        700843
      944940        700846
      944963        700849
      944988        700852
      945015        700854
      945042        700855
      945071        700856
      945101        700856
      945133        700856
      945165        700856
      945197        700855
      945231        700854
      945265        700852
      945299        700851
      945334        700849
      945369        700847
      945403        700844
      945438        700842
      945473        700839
      945507        700837
      945541        700834
      945574        700832
      945606        700829
      945638        700827
      945669        700824
      945698        700822
      945727        700820
      945754        700819
      945780        700817
      945804        700816
      945806        700816
      945847        700815
      945885        700814
      945920        700813
      945954        700813
      945987        700814
      946017        700814
      946047        700814
      946075        700814
      946102        700813
      946129        700812
      946155        700810
      946181        700807
      946207        700803
      946233        700798
      946259        700792
      946286        700784
      946314        700775
      946319        700773
      946346        700763
      946373        700751
      946402        700738
      946430        700724
      946459        700709
      946488        700693
      946516        700676
      946544        700658
      946572        700640
      946598        700622
      946624        700603
      946649        700583
      946672        700564
      946694        700544
      946715        700525
      946733        700505
      946750        700486
      946764        700467
      946774        700451
      946789        700423
      946800        700395
      946807        700365
      946812        700335
      946814        700305
      946814        700274
      946813        700243
      946809        700213
      946805        700182
      946801        700151
      946796        700121
      946791        700091
      946790        700085
      946784        700057
      946775        700028
      946763        699998
      946751        699968
      946737        699939
      946723        699909
      946708        699880
      946694        699852
      946681        699823
      946670        699796
      946661        699770
      946654        699745
      946650        699721
      946649        699702
      946649        699669
      946652        699638
      946659        699610
      946669        699582
      946681        699556
      946697        699531
      946716        699505
      946737        699480
      946754        699462
      946772        699443
      946793        699424
      946814        699406
      946838        699387
      946862        699369
      946889        699352
      946916        699336
      946945        699321
      946975        699307
      947006        699295
      947039        699285
      947051        699282
      947076        699276
      947103        699272
      947130        699268
      947158        699265
      947187        699263
      947217        699262
      947247        699261
      947278        699261
      947310        699261
      947341        699260
      947373        699260
      947405        699260
      947437        699260
      947469        699260
      947501        699259
      947533        699257
      947542        699257
      947571        699254
      947601        699251
      947631        699248
      947662        699244
      947694        699241
      947725        699236
      947757        699232
      947789        699229
      947821        699225
      947852        699222
      947884        699219
      947914        699217
      947944        699216
      947974        699215
      948002        699216
      948030        699218
      948056        699221
      948081        699225
      948105        699231
      948135        699241
      948163        699252
      948190        699266
      948216        699281
      948241        699297
      948265        699315
      948288        699333
      948311        699352
      948334        699371
      948357        699390
      948380        699409
      948404        699428
      948429        699446
      948438        699453
      948462        699470
      948485        699488
      948509        699507
      948532        699526
      948555        699546
      948578        699565
      948601        699585
      948625        699604
      948648        699623
      948672        699642
      948696        699660
      948721        699677
      948746        699693
      948772        699708
      948787        699716
      948813        699731
      948839        699746
      948866        699761
      948894        699775
      948921        699790
      948949        699803
      948977        699816
      949005        699827
      949034        699838
      949063        699846
      949092        699853
      949122        699859
      949151        699861
      949181        699862
      949194        699861
      949221        699858
      949249        699852
      949278        699844
      949307        699834
      949337        699823
      949366        699810
      949396        699796
      949426        699782
      949455        699768
      949484        699754
      949513        699740
      949541        699727
      949568        699715
      949595        699704
      949620        699695
      949644        699688
      949659        699684
      949695        699676
      949729        699668
      949762        699662
      949793        699657
      949823        699654
      949851        699652
      949879        699653
      949906        699656
      949931        699662
      949956        699671
      949960        699673
      949983        699687
      950003        699705
      950021        699726
      950038        699750
      950054        699776
      950071        699802
      950088        699829
      950108        699855
      950129        699880
      950154        699903
      950159        699907
      950181        699923
      950205        699939
      950230        699954
      950256        699970
      950283        699985
      950310        700000
      950338        700015
      950366        700029
      950394        700044
      950421        700059
      950448        700074
      950473        700089
      950497        700104
      950507        700111
      950533        700128
      950557        700146
      950581        700164
      950604        700182
      950626        700200
      950649        700218
      950672        700236
      950695        700253
      950719        700271
      950745        700289
      950772        700306
      950789        700316
      950814        700330
      950839        700344
      950866        700357
      950893        700370
      950920        700383
      950948        700397
      950976        700410
      951004        700424
      951031        700438
      951058        700452
      951085        700468
      951110        700483
      951135        700500
      951150        700511
      951172        700530
      951194        700551
      951214        700573
      951234        700596
      951254        700619
      951273        700642
      951293        700665
      951313        700687
      951335        700708
      951358        700728
      951382        700746
      951408        700762
      951437        700775
      951439        700776
      951463        700784
      951489        700792
      951516        700798
      951544        700803
      951574        700808
      951603        700811
      951634        700814
      951665        700816
      951696        700817
      951728        700818
      951760        700819
      951792        700820
      951824        700820
      951855        700820
      951886        700821
      951917        700821
      951947        700822
      951970        700823
      952001        700823
      952031        700823
      952061        700822
      952091        700821
      952121        700820
      952151        700818
      952181        700817
      952211        700815
      952241        700813
      952271        700812
      952301        700810
      952331        700809
      952361        700809
      952391        700808
      952420        700808
      952450        700809
      952462        700810
      952494        700811
      952526        700813
      952559        700816
      952592        700819
      952625        700823
      952658        700826
      952691        700830
      952724        700834
      952756        700838
      952787        700842
      952816        700845
      952845        700848
      952871        700851
      952896        700853
      952919        700855
      952940        700856
      952941        700856
      952992        700855
      953024        700849
      953045        700841
      953064        700834
      953088        700829
      953116        700827
      953145        700827
      953175        700828
      953205        700829
      953236        700829
      953247        700828
      953279        700823
      953312        700816
      953344        700811
      953373        700812
      953397        700822
      953402        700827
      953416        700847
      953426        700872
      953434        700902
      953440        700935
      953445        700969
      953451        701004
      953453        701019
      953455        701047
      953454        701078
      953453        701110
      953453        701143
      953454        701175
      953458        701206
      953465        701234
      953478        701259
      953483        701265
      953500        701285
      953520        701303
      953542        701320
      953568        701335
      953595        701349
      953624        701363
      953654        701375
      953686        701388
      953719        701400
      953740        701408
      953766        701418
      953792        701428
      953820        701439
      953848        701449
      953878        701459
      953907        701468
      953938        701476
      953969        701483
      954000        701487
      954031        701490
      954063        701490
      954095        701487
      954098        701487
      954124        701481
      954151        701474
      954178        701464
      954206        701453
      954234        701440
      954262        701426
      954290        701411
      954319        701395
      954347        701379
      954376        701364
      954404        701349
      954432        701335
      954459        701321
      954486        701310
      954512        701300
      954538        701292
      954548        701289
      954581        701283
      954613        701280
      954645        701278
      954677        701279
      954707        701280
      954738        701281
      954768        701283
      954797        701284
      954825        701284
      954853        701283
      954880        701279
      954907        701272
      954907        701272
      954934        701259
      954957        701241
      954977        701219
      954996        701194
      955015        701168
      955034        701143
      955055        701121
      955079        701103
      955108        701091
      955142        701086
      955183        701091
      955201        701096
      955222        701102
      955245        701110
      955270        701120
      955295        701130
      955322        701142
      955351        701156
      955380        701170
      955409        701185
      955440        701201
      955471        701217
      955502        701234
      955533        701252
      955564        701270
      955595        701288
      955626        701307
      955656        701325
      955685        701343
      955713        701361
      955741        701379
      955767        701397
      955791        701414
      955814        701430
      955836        701446
      955855        701460
      955873        701474
      955888        701487
      955918        701519
      955935        701551
      955938        701580
      955933        701607
      955924        701633
      955916        701660
      955913        701687
      955920        701717
      955941        701749
      955952        701761
      955968        701777
      955986        701794
      956006        701812
      956027        701831
      956050        701849
      956074        701869
      956099        701888
      956124        701907
      956151        701926
      956178        701946
      956206        701964
      956234        701983
      956262        702001
      956290        702018
      956318        702035
      956346        702050
      956373        702065
      956399        702079
      956425        702091
      956438        702097
      956466        702108
      956494        702117
      956521        702124
      956548        702130
      956575        702135
      956602        702139
      956630        702142
      956657        702146
      956685        702149
      956713        702152
      956742        702157
      956772        702162
      956803        702168
      956834        702176
      956867        702186
      956900        702198
      956935        702212
      956939        702214
      956962        702224
      956985        702235
      957009        702248
      957033        702260
      957058        702274
      957084        702289
      957110        702303
      957137        702319
      957163        702335
      957190        702351
      957218        702368
      957245        702385
      957273        702402
      957301        702419
      957328        702437
      957356        702454
      957384        702471
      957411        702488
      957438        702505
      957466        702521
      957492        702538
      957519        702553
      957545        702569
      957570        702583
      957595        702597
      957620        702611
      957644        702623
      957667        702635
      957696        702649
      957727        702663
      957757        702677
      957787        702689
      957816        702701
      957844        702712
      957872        702722
      957900        702732
      957927        702741
      957954        702750
      957981        702759
      958007        702768
      958034        702777
      958060        702786
      958087        702795
      958114        702805
      958141        702815
      958168        702826
      958196        702838
      958224        702850
      958240        702857
      958266        702869
      958293        702882
      958320        702895
      958346        702908
      958373        702921
      958400        702934
      958427        702948
      958454        702962
      958481        702976
      958508        702990
      958535        703004
      958562        703018
      958589        703033
      958616        703047
      958643        703061
      958670        703076
      958696        703090
      958723        703104
      958749        703118
      958775        703131
      958801        703145
      958810        703150
      958837        703164
      958865        703179
      958892        703193
      958919        703208
      958945        703223
      958972        703237
      958999        703252
      959026        703267
      959052        703281
      959078        703296
      959105        703310
      959131        703324
      959157        703339
      959183        703353
      959209        703367
      959235        703381
      959261        703394
      959287        703408
      959312        703421
      959338        703434
      959353        703442
      959382        703456
      959412        703471
      959442        703486
      959472        703502
      959503        703517
      959534        703532
      959564        703547
      959594        703562
      959624        703576
      959653        703590
      959681        703603
      959708        703616
      959735        703627
      959759        703638
      959783        703648
      959804        703656
      959824        703663
      959842        703669
      959863        703675
      959906        703680
