10040; FGTMA; 106; 255; -1
10040; FWellsa; 34; 0; -1
10042; FWellsa; 68; 32768; -1
10087; FWellsa; 39; 32768; -1
10229; FWellsa; 68; 32768; -1
10358; FWellsa; 54; 0; -1
10457; FWellsa; 73; 0; -1
10457; TMC; עלס; 0; 0
10497; FWellsa; 68; 32768; -1
10531; FGTMA; 106; 255; -1
10531; FWellsa; 34; 0; -1
10534; FGTMA; 106; 255; -1
10534; FWellsa; 56; 0; -1
10534; TMC; עלס; 0; 0
10558; FGTMA; 93; 8388863; -1
10558; FWellsa; 34; 0; -1
10566; FWellsa; 74; 32768; -1
10568; FWellsa; 68; 32768; -1
10574; FWellsa; 68; 32768; -1
10579; FWellsa; 34; 0; -1
10579; TMC; עלס; 0; 0
10584; FGTMA; 106; 255; -1
10584; FWellsa; 68; 32768; -1
10585; FWellsa; 34; 0; -1
10636; FGTMA; 106; 255; -1
10636; FWellsa; 34; 0; -1
10637; FWellsa; 68; 32768; -1
10638; FWellsa; 68; 32768; -1
10768; FWellsa; 39; 32768; -1
11000; FGTMA; 106; 255; -1
11000; FWellsa; 68; 32768; -1
11001; FWellsa; 56; 0; -1
11015; FWellsa; 34; 0; -1
11117; FWellsa; 68; 32768; -1
11119; FWellsa; 68; 32768; -1
11148; FWellsa; 68; 32768; -1
11258; FWellsa; 68; 32768; -1
11259; FWellsa; 73; 0; -1
11271; FWellsa; 39; 32768; -1
11274; FWellsa; 34; 0; -1
11288; FGTMA; 106; 255; -1
11288; FWellsa; 34; 0; -1
11355; FWellsa; 68; 32768; -1
11371; FWellsa; 73; 0; -1
11394; FWellsa; 68; 32768; -1
11413; FGTMA; 106; 255; -1
11413; FWellsa; 68; 32768; -1
11486; FGTMA; 106; 255; -1
11486; FWellsa; 34; 0; -1
11512; FWellsa; 68; 32768; -1
11541; FWellsa; 73; 0; -1
11584; FWellsa; 73; 0; -1
11601; FWellsa; 34; 0; -1
11601; TMC; עלס; 0; 0
11663; FGTMA; 106; 255; -1
11663; FWellsa; 34; 0; -1
11671; FWellsa; 39; 32768; -1
11674; FWellsa; 74; 32768; -1
11708; FWellsa; 54; 0; -1
11709; FGTMA; 106; 255; -1
11709; FWellsa; 34; 0; -1
11709; TMC; עלס; 0; 0
11714; FWellsa; 68; 32768; -1
11745; FWellsa; 34; 0; -1
11747; FWellsa; 68; 32768; -1
11749; FWellsa; 74; 32768; -1
11807; FWellsa; 73; 0; -1
11920; FWellsa; 34; 0; -1
11947; FWellsa; 68; 32768; -1
11949; FGTMA; 106; 255; -1
11949; FWellsa; 34; 0; -1
11950; FWellsa; 68; 32768; -1
11978; FWellsa; 68; 32768; -1
11988; FWellsa; 68; 32768; -1
12054; FWellsa; 39; 32768; -1
12204; FWellsa; 39; 32768; -1
12205; FWellsa; 54; 0; -1
12240; FWellsa; 73; 0; -1
12304; FWellsa; 54; 0; -1
12315; FWellsa; 36; 0; -1
12340; FWellsa; 56; 0; -1
12627; FWellsa; 68; 32768; -1
12659; FWellsa; 34; 0; -1
12668; FWellsa; 68; 32768; -1
12716; FGTMA; 93; 8388863; -1
12716; FWellsa; 34; 0; -1
12822; FWellsa; 171; 0; -1
12822; FWellsa; 73; 0; -1
12842; FWellsa; 56; 0; -1
12962; FWellsa; 54; 0; -1
12965; FWellsa; 73; 0; -1
12971; FGTMA; 106; 255; -1
12971; FWellsa; 68; 32768; -1
12972; FWellsa; 68; 32768; -1
13007; FGTMA; 106; 255; -1
13007; FWellsa; 54; 0; -1
13007; TMC; עלס; 0; 0
13011; FWellsa; 34; 0; -1
13011; TMC; עלס; 0; 0
13058; FWellsa; 171; 0; -1
13058; FWellsa; 68; 32768; -1
13065; FWellsa; 68; 32768; -1
13066; FWellsa; 73; 0; -1
13067; FWellsa; 39; 32768; -1
13068; FGTMA; 106; 255; -1
13068; FWellsa; 68; 32768; -1
13069; FWellsa; 68; 32768; -1
13120; FWellsa; 73; 0; -1
13170; FWellsa; 171; 0; -1
13170; FWellsa; 56; 0; -1
13170; TMC; עלס; 0; 0
13218; FWellsa; 60; 0; -1
13221; FWellsa; 39; 32768; -1
13222; FWellsa; 68; 32768; -1
13228; FWellsa; 73; 0; -1
13247; FWellsa; 56; 0; -1
13275; FWellsa; 68; 32768; -1
13308; FWellsa; 56; 0; -1
13391; FGTMA; 93; 8388863; -1
13391; FWellsa; 68; 32768; -1
13410; FWellsa; 34; 0; -1
13411; FWellsa; 34; 0; -1
13516; FGTMA; 93; 8388863; -1
13516; FGTMA; 93; 8388863; -1
13516; FWellsa; 34; 0; -1
13516; TMC; עלס; 0; 0
13524; FWellsa; 68; 32768; -1
13547; FWellsa; 39; 32768; -1
13549; FWellsa; 39; 32768; -1
13550; FWellsa; 56; 0; -1
13558; FWellsa; 68; 32768; -1
13562; FWellsa; 68; 32768; -1
13563; FWellsa; 39; 32768; -1
13692; FWellsa; 56; 0; -1
13733; FWellsa; 68; 32768; -1
13774; FWellsa; 34; 0; -1
13774; TMC; עלס; 0; 0
13860; FWellsa; 34; 0; -1
13860; TMC; עלס; 0; 0
13993; FWellsa; 34; 0; -1
14003; FWellsa; 34; 0; -1
14004; FWellsa; 34; 0; -1
14006; FWellsa; 68; 32768; -1
14010; FWellsa; 68; 32768; -1
14014; FWellsa; 34; 0; -1
14016; FWellsa; 68; 32768; -1
14072; FWellsa; 171; 0; -1
14072; FWellsa; 56; 0; -1
14072; TMC; עלס; 0; 0
14291; FWellsa; 68; 32768; -1
14294; FWellsa; 34; 0; -1
14298; FWellsa; 68; 32768; -1
14318; FWellsa; 34; 0; -1
14344; FWellsa; 68; 32768; -1
14360; FWellsa; 36; 0; -1
14425; FWellsa; 68; 32768; -1
14428; FGTMA; 106; 255; -1
14428; FWellsa; 54; 0; -1
14468; FWellsa; 74; 32768; -1
14469; FWellsa; 68; 32768; -1
14475; FWellsa; 54; 0; -1
14754; FWellsa; 60; 0; -1
14987; FWellsa; 68; 32768; -1
15555; FGTMA; 93; 8388863; -1
15555; FWellsa; 34; 0; -1
15567; FWellsa; 34; 0; -1
