    1Ð; 0; 952044; 696537; -1; -1; 162; 0; -1; ; ; ; -1;      0.0;      0.0;      0.0;      0.0; 0; 0; ; ; 0; 8; 8; 6; -1
    2Ð; 0; 941067; 695783; -1; -1; 89; 0; 0; 212 - 25; ; ; -1;     10.0;    486.9;      0.0;      0.0; 744; 0; ; ; 0; 2; 1; 1; -1
    3Ð; 0; 937313; 691951; -1; -1; 89; 0; 0; 77 - 24; ; ; -1;    182.8;    341.2;      0.0;      0.0; 744; 0; ; ; 0; 8; 1; 1; -1
    5Ð; 0; 934875; 692764; -1; -1; 34; 0; -1; ; ; ; 60;      0.0;      0.0;      0.0;      0.0; 0; 0; ; ; 0; 8; 8; 16; 2
    7Ð; 0; 931241; 688505; -1; -1; 36; 0; -1; ; ; ; -1;      0.0;      0.0;      0.0;      0.0; 0; 0; ; ; 0; 8; 8; 0; -1
   45Ð; 0; 952142; 690037; -1; -1; 36; 0; -1; ; ; ; -1;      0.0;      0.0;      0.0;      0.0; 0; 0; ; ; 0; 8; 8; 0; -1
   66Ï; ; 952702; 708240; -1; -1; 36; 0; -1; ; ; ; -1;      0.0;      0.0;      0.0;      0.0; 0; 0; ; ; 0; -1; 8; 0; -1
   85Ð; 0; 951992; 692540; -1; -1; 36; 0; -1; ; ; ; -1;      0.0;      0.0;      0.0;      0.0; 0; 0; ; ; 0; 8; 8; 0; -1
   90Ð; ; 945129; 703103; -1; -1; 36; 0; -1; ; ; ; -1;      0.0;      0.0;      0.0;      0.0; 0; 0; ; ; 0; -1; 8; 0; -1
   92Ð; 0; 950598; 698867; -1; -1; 36; 0; -1; ; ; ; -1;      0.0;      0.0;      0.0;      0.0; 0; 0; ; ; 0; 8; 8; 0; -1
   94Ï; 0; 957545; 702202; -1; -1; 36; 0; -1; ; ; ; -1;      0.0;      0.0;      0.0;      0.0; 0; 0; ; ; 0; 8; 8; 0; -1
   97Ð; 0; 958715; 692698; -1; -1; 36; 0; -1; ; ; ; -1;      0.0;      0.0;      0.0;      0.0; 0; 0; ; ; 0; 8; 8; 0; -1
   98Ð; 0; 945683; 699681; -1; -1; 36; 0; -1; ; ; ; -1;      0.0;      0.0;      0.0;      0.0; 0; 0; ; ; 0; 8; 8; 0; -1
  100Ï; 0; 934830; 697911; -1; -1; 36; 0; -1; ; ; ; -1;      0.0;      0.0;      0.0;      0.0; 0; 0; ; ; 0; -1; 8; 0; -1
  102Ð; ; 933189; 691489; -1; -1; 36; 0; -1; ; ; ; -1;      0.0;      0.0;      0.0;      0.0; 0; 0; ; ; 0; -1; 8; 0; -1
  104Ð; ; 929357; 690875; -1; -1; 36; 0; -1; ; ; ; -1;      0.0;      0.0;      0.0;      0.0; 0; 0; ; ; 0; -1; 8; 0; -1
  105Ï; ; 934952; 701835; -1; -1; 36; 0; -1; ; ; ; -1;      0.0;      0.0;      0.0;      0.0; 0; 0; ; ; 0; -1; 8; 0; -1
  113Ð; ; 930914; 697698; -1; -1; 36; 0; -1; ; ; ; -1;      0.0;      0.0;      0.0;      0.0; 0; 0; ; ; 0; -1; 8; 0; -1
  116Ð; 0; 935172; 689999; -1; -1; 36; 0; -1; ; ; ; -1;      0.0;      0.0;      0.0;      0.0; 0; 0; ; ; 0; 8; 8; 0; -1
  118Ð; 0; 940459; 690885; -1; -1; 36; 0; -1; ; ; ; -1;      0.0;      0.0;      0.0;      0.0; 0; 0; ; ; 0; 8; 8; 0; -1
  150Ð; 0; 972876; 677500; -1; -1; 36; 0; -1; ; ; ; -1;      0.0;      0.0;      0.0;      0.0; 0; 0; ; ; 0; -1; 8; 0; -1
  151Ð; 0; 974153; 674213; -1; -1; 36; 0; -1; ; ; ; -1;      0.0;      0.0;      0.0;      0.0; 0; 0; ; ; 0; -1; 8; 0; -1
  152Ð; 0; 960208; 692637; -1; -1; 36; 0; -1; ; ; ; -1;      0.0;      0.0;      0.0;      0.0; 0; 0; ; ; 0; -1; 8; 0; -1
  153Ð; 0; 970621; 685735; -1; -1; 36; 0; -1; ; ; ; -1;      0.0;      0.0;      0.0;      0.0; 0; 0; ; ; 0; -1; 8; 0; -1
  154Ð; 0; 965179; 690316; -1; -1; 36; 0; -1; ; ; ; -1;      0.0;      0.0;      0.0;      0.0; 0; 0; ; ; 0; -1; 8; 0; -1
  155Ð; 0; 956414; 692939; -1; -1; 36; 0; -1; ; ; ; -1;      0.0;      0.0;      0.0;      0.0; 0; 0; ; ; 0; 8; 8; 0; -1
  157Ð; 0; 968005; 691952; -1; -1; 36; 0; -1; ; ; ; -1;      0.0;      0.0;      0.0;      0.0; 0; 0; ; ; 0; -1; 8; 0; -1
  158Ð; 0; 961858; 684181; -1; -1; 36; 0; -1; ; ; ; -1;      0.0;      0.0;      0.0;      0.0; 0; 0; ; ; 0; -1; 8; 0; -1
  159Ð; 0; 957721; 684072; -1; -1; 36; 0; -1; ; ; ; -1;      0.0;      0.0;      0.0;      0.0; 0; 0; ; ; 0; 8; 8; 0; -1
  160Ð; 0; 971892; 689512; -1; -1; 36; 0; -1; ; ; ; -1;      0.0;      0.0;      0.0;      0.0; 0; 0; ; ; 0; -1; 8; 0; -1
  161Ï; 0; 976367; 689628; -1; -1; 36; 0; -1; ; ; ; -1;      0.0;      0.0;      0.0;      0.0; 0; 0; ; ; 0; 8; 8; 0; -1
  162Ð; 0; 982693; 696061; -1; -1; 36; 0; -1; ; ; ; -1;      0.0;      0.0;      0.0;      0.0; 0; 0; ; ; 0; -1; 8; 0; -1
  163Ð; 0; 973606; 669491; -1; -1; 36; 0; -1; ; ; ; -1;      0.0;      0.0;      0.0;      0.0; 0; 0; ; ; 0; -1; 8; 0; -1
  164Ð; 0; 974311; 688000; -1; -1; 36; 0; -1; ; ; ; -1;      0.0;      0.0;      0.0;      0.0; 0; 0; ; ; 0; -1; 8; 0; -1
  165Ï; 0; 968307; 689002; -1; -1; 36; 0; -1; ; ; ; -1;      0.0;      0.0;      0.0;      0.0; 0; 0; ; ; 0; 8; 8; 0; -1
  166Ð; 0; 966174; 680721; -1; -1; 36; 0; -1; ; ; ; -1;      0.0;      0.0;      0.0;      0.0; 0; 0; ; ; 0; -1; 8; 0; -1
  167Ð; 0; 981170; 698705; -1; -1; 36; 0; -1; ; ; ; -1;      0.0;      0.0;      0.0;      0.0; 0; 0; ; ; 0; -1; 8; 0; -1
  168Ð; 0; 964684; 684670; -1; -1; 36; 0; -1; ; ; ; -1;      0.0;      0.0;      0.0;      0.0; 0; 0; ; ; 0; -1; 8; 0; -1
  170Ð; 0; 957880; 688994; -1; -1; 36; 0; -1; ; ; ; -1;      0.0;      0.0;      0.0;      0.0; 0; 0; ; ; 0; 8; 8; 0; -1
  171Ð; 0; 963958; 693615; -1; -1; 36; 0; -1; ; ; ; -1;      0.0;      0.0;      0.0;      0.0; 0; 0; ; ; 0; 8; 8; 0; -1
  172Ð; 0; 956123; 700694; -1; -1; 162; 0; -1; ; ; ; -1;      0.0;      0.0;      0.0;      0.0; 0; 0; ; ; 0; 8; 8; 6; -1
  173Ð; 0; 953582; 695564; -1; -1; 36; 0; -1; ; ; ; -1;      0.0;      0.0;      0.0;      0.0; 0; 0; ; ; 0; 8; 8; 0; -1
  174Ë; 0; 950944; 696572; 951037; 696321; 117; 0; -1; 193 - 25; ; ; -1;      0.0;      0.0;      0.0;      0.0; 0; 0; ; ; 0; 1; 1; 16; -1
  174Ð; 0; 950863; 696789; -1; -1; 41; 0; -1; ; ; ; -1;      0.0;      0.0;      0.0;      0.0; 0; 0; ; ; 0; 8; 8; 7; -1
  175Ð; 0; 950319; 693895; -1; -1; 89; 0; 0; 221 - 23; ; ; -1;    278.0;    175.2;      0.0;      0.0; 743; 0; ; ; 0; 8; 1; 1; -1
  176Ð; 0; 954630; 699112; -1; -1; 36; 0; -1; ; ; ; -1;      0.0;      0.0;      0.0;      0.0; 0; 0; ; ; 0; 8; 8; 0; -1
  177Ð; 0; 952781; 699452; -1; -1; 36; 0; -1; ; ; ; -1;      0.0;      0.0;      0.0;      0.0; 0; 0; ; ; 0; 8; 8; 0; -1
  178Ð; 0; 948370; 699965; -1; -1; 36; 0; -1; ; ; ; -1;      0.0;      0.0;      0.0;      0.0; 0; 0; ; ; 0; 8; 8; 0; -1
  179Ð; 0; 984212; 681294; -1; -1; 36; 0; -1; ; ; ; -1;      0.0;      0.0;      0.0;      0.0; 0; 0; ; ; 0; -1; 8; 0; -1
  180Ð; 0; 955627; 696336; -1; -1; 36; 0; -1; ; ; ; -1;      0.0;      0.0;      0.0;      0.0; 0; 0; ; ; 0; 8; 8; 0; -1
  181Ð; 0; 957999; 695171; -1; -1; 36; 0; -1; ; ; ; -1;      0.0;      0.0;      0.0;      0.0; 0; 0; ; ; 0; 8; 8; 0; -1
  182Ï; 0; 968017; 697192; -1; -1; 36; 0; -1; ; ; ; -1;      0.0;      0.0;      0.0;      0.0; 0; 0; ; ; 0; 8; 8; 0; -1
  183Ð; 0; 971523; 696048; -1; -1; 36; 0; -1; ; ; ; -1;      0.0;      0.0;      0.0;      0.0; 0; 0; ; ; 0; -1; 8; 0; -1
  185Ï; 0; 962905; 704053; -1; -1; 36; 0; -1; ; ; ; -1;      0.0;      0.0;      0.0;      0.0; 0; 0; ; ; 0; 8; 8; 0; -1
  186Ð; 0; 992377; 701179; -1; -1; 36; 0; -1; ; ; ; -1;      0.0;      0.0;      0.0;      0.0; 0; 0; ; ; 0; -1; 8; 0; -1
  187Ð; 0; 947722; 697217; -1; -1; 36; 0; -1; ; ; ; -1;      0.0;      0.0;      0.0;      0.0; 0; 0; ; ; 0; 8; 8; 0; -1
  188Ï; 0; 944803; 694945; -1; -1; 36; 0; -1; ; ; ; -1;      0.0;      0.0;      0.0;      0.0; 0; 0; ; ; 0; 8; 8; 0; -1
  189Ð; 0; 941816; 693517; -1; -1; 36; 0; -1; ; ; ; -1;      0.0;      0.0;      0.0;      0.0; 0; 0; ; ; 0; 8; 8; 0; -1
  191Ð; 0; 967996; 699436; -1; -1; 36; 0; -1; ; ; ; -1;      0.0;      0.0;      0.0;      0.0; 0; 0; ; ; 0; -1; 8; 0; -1
  192Ð; 0; 943560; 698234; -1; -1; 36; 0; -1; ; ; ; -1;      0.0;      0.0;      0.0;      0.0; 0; 0; ; ; 0; 8; 8; 4; -1
  194Ð; 0; 956957; 698463; -1; -1; 89; 0; 0; 150 - 23; ; ; -1;    171.9;     49.1;      0.0;      0.0; 744; 0; ; ; 0; 8; 1; 1; -1
  195Ð; 0; 972132; 692668; -1; -1; 36; 0; -1; ; ; ; -1;      0.0;      0.0;      0.0;      0.0; 0; 0; ; ; 0; 8; 8; 0; -1
  196Ð; 0; 974372; 694720; -1; -1; 36; 0; -1; ; ; ; -1;      0.0;      0.0;      0.0;      0.0; 0; 0; ; ; 0; -1; 8; 0; -1
  198Ð; 0; 969650; 690934; -1; -1; 36; 0; -1; ; ; ; -1;      0.0;      0.0;      0.0;      0.0; 0; 0; ; ; 0; -1; 8; 0; -1
  209Ð; 0; 962109; 692215; -1; -1; 36; 0; -1; ; ; ; -1;      0.0;      0.0;      0.0;      0.0; 0; 0; ; ; 0; 8; 8; 0; -1
  215Ð; 0; 959667; 700319; -1; -1; 36; 0; -1; ; ; ; -1;      0.0;      0.0;      0.0;      0.0; 0; 0; ; ; 0; 8; 8; 16; -1
  216Ð; 0; 959591; 697906; -1; -1; 36; 0; -1; ; ; ; -1;      0.0;      0.0;      0.0;      0.0; 0; 0; ; ; 0; 8; 8; 4; -1
  217Ð; 0; 961468; 700737; -1; -1; 162; 0; -1; ; ; ; -1;      0.0;      0.0;      0.0;      0.0; 0; 0; ; ; 0; 8; 8; 6; -1
  230Ð; 0; 937180; 695118; -1; -1; 36; 0; -1; ; ; ; -1;      0.0;      0.0;      0.0;      0.0; 0; 0; ; ; 0; 8; 8; 0; -1
  231Ð; 0; 944684; 692474; -1; -1; 36; 0; -1; ; ; ; -1;      0.0;      0.0;      0.0;      0.0; 0; 0; ; ; 0; 8; 8; 16; -1
  232Ð; 0; 937412; 689763; -1; -1; 36; 0; -1; ; ; ; -1;      0.0;      0.0;      0.0;      0.0; 0; 0; ; ; 0; 8; 8; 0; -1
  907Ã; 6; 945380; 697536; 945882; 697684; 89; 0; 0; 226 - 24; ; ; -1;      0.0;      0.0;      0.0;      0.0; 0; 0; ; ; 0; 1; 1; 1; -1
  920Ó; 6; 945266; 697047; -1; -1; 89; 0; 0; 135 - 25; ; ; -1;    219.1;    262.6;      0.0;      0.0; 741; 0; ; ; 0; 2; 1; 1; -1
  920Ó; 6; 945263; 697083; 946049; 697322; 22; 8421504; -1; ; ; ; -1;      0.0;      0.0;      0.0;      0.0; 0; 0; ; ; 0; -1; -1; -1; -1
  974; 33; 934200; 689123; -1; -1; 68; 32768; 32768; 266 - 25; ; ; -1;      0.0;      0.0;   1442.0;      0.0; 0; 744; ; ; 0; 2; 2; 1; -1
  977Ã; 33; 934444; 689632; 933713; 689467; 89; 0; 0; ; ; ; -1;    267.1;   1396.8;      0.0;      0.0; 744; 0; ; ; 0; 1; 1; 1; -1
  981Ã; 33; 933994; 690822; 933711; 690747; 68; 32768; 32768; 323 - 25; ; ; -1;      0.0;      0.0;   1954.0;      0.0; 0; 744; ; ; 0; 2; 2; 1; -1
  982Ã; 33; 934222; 690449; 933574; 690332; 89; 0; 0; 104 - 23; ; ; -1;     72.7;    257.0;      0.0;      0.0; 744; 0; ; ; 0; 1; 1; 1; -1
  983Ã; 33; 935485; 689912; 934828; 689740; 68; 32768; 32768; 299 - 25; ; ; -1;      0.0;      0.0;   1498.0;      0.0; 0; 744; ; ; 0; 1; 2; 1; -1
  986Ã; 33; 933166; 690248; 932499; 690113; 89; 0; 0; 94 - 25; ; ; -1;    320.4;   1105.9;      0.0;      0.0; 744; 0; ; ; 0; 1; 1; 1; -1
  987Ã; 33; 935612; 690874; 936016; 690981; 89; 0; 0; ; ; ; -1;    408.5;     60.2;      0.0;      0.0; 744; 0; ; ; 0; 1; 1; 1; -1
  988Ã; 33; 933438; 691207; 932798; 691045; 89; 0; 0; 176 - 24; ; ; -1;    357.7;    703.8;      0.0;      0.0; 744; 0; ; ; 0; 1; 1; 1; -1
  990Ã; 33; 933025; 689754; 932474; 689601; 89; 0; 0; 154 - 24; ; ; -1;    124.4;   1071.2;      0.0;      0.0; 744; 0; ; ; 0; 2; 1; 1; -1
  991; 33; 936305; 689652; -1; -1; 101; 32768; -1; ; ; ; -1;      0.0;      0.0;      0.0;      0.0; 0; 0; ; ; 0; 2; 2; 7; -1
  996Ã; 33; 934585; 690614; 935222; 690778; 89; 0; 0; 112 - 23; ; ; -1;    173.1;     24.1;      0.0;      0.0; 744; 0; ; ; 0; 1; 1; 1; -1
  999Ã; 34; 934420; 692325; 933974; 691915; 54; 0; -1; 294 - 25; ; ; -1;      0.0;      0.0;      0.0;      0.0; 0; 0; ; ; 0; 1; 1; 6; -1
 1000; 13; 948953; 695417; -1; -1; 68; 32768; 32768; 325 - 25; ; ; -1;      0.0;      0.0;      0.0;      0.0; 0; 0; ; ; 0; 1; 2; 1; -1
 1001; 13; 948838; 695891; -1; -1; 117; 0; -1; ; ; ; -1;      0.0;      0.0;      0.0;      0.0; 0; 0; ; ; 0; 1; 1; 16; -1
 1002; 13; 949472; 695259; -1; -1; 68; 32768; 32768; 325 - 25; ; ; -1;      0.0;      0.0;   1694.0;      0.0; 0; 744; ; ; 0; 1; 2; 1; -1
 1003; 13; 949337; 695710; -1; -1; 55; 0; -1; ; ; ; -1;      0.0;      0.0;      0.0;      0.0; 0; 0; ; ; 0; 1; 1; 7; -1
 1004; 13; 949089; 696234; -1; -1; 117; 0; -1; ; ; ; -1;      0.0;      0.0;      0.0;      0.0; 0; 0; ; ; 0; 1; 1; 16; -1
 1005; 13; 948976; 696834; -1; -1; 73; 0; -1; 256 - 25; ; ; -1;      0.0;      0.0;      0.0;      0.0; 0; 0; ; ; 0; 1; 1; 14; -1
 1006; 13; 950266; 695445; -1; -1; 22; 8421504; -1; ; ; ; 60;      0.0;      0.0;      0.0;      0.0; 0; 0; ; ; 0; 1; 1; 6; 2
 1007; 13; 950170; 695946; -1; -1; 55; 0; -1; ; ; ; -1;      0.0;      0.0;      0.0;      0.0; 0; 0; ; ; 0; 1; 1; 7; -1
 1007Ë; 13; 950323; 695777; 950593; 695556; 51; 0; -1; 181 - 24; ; ; -1;      0.0;      0.0;      0.0;      0.0; 0; 0; ; ; 0; 1; 1; 2; -1
 1008; 13; 950110; 696515; -1; -1; 55; 0; -1; ; ; ; -1;      0.0;      0.0;      0.0;      0.0; 0; 0; ; ; 0; 1; 1; 7; -1
 1008Í; 13; 950417; 696736; -1; -1; 73; 0; -1; 224 - 25; ; ; -1;      0.0;      0.0;      0.0;      0.0; 0; 0; ; ; 0; 1; 1; 14; -1
 1009; 13; 949940; 697049; -1; -1; 89; 0; 0; ; ; ; -1;    362.4;     61.6;      0.0;      0.0; 733; 0; ; ; 0; 1; 1; 1; -1
 1010; 13; 950621; 695791; -1; -1; 55; 0; -1; ; ; ; -1;      0.0;      0.0;      0.0;      0.0; 0; 0; ; ; 0; 1; 1; 7; -1
 1010Í; 13; 950991; 695984; -1; -1; 89; 0; 0; 246 - 25; ; ; -1;     22.6;    389.8;      0.0;      0.0; 743; 0; ; ; 0; 1; 1; 1; -1
 1011; 13; 950538; 696253; -1; -1; 68; 32768; 32768; 349 - 25; ; ; -1;      0.0;      0.0;      0.0;      0.0; 0; 0; ; ; 0; 1; 2; 1; -1
 1012; 13; 950617; 696870; -1; -1; 55; 0; -1; ; ; ; -1;      0.0;      0.0;      0.0;      0.0; 0; 0; ; ; 0; 1; 1; 7; -1
 1012Í; 13; 950791; 697093; -1; -1; 68; 32768; 32768; 329 - 25; ; ; -1;      0.0;      0.0;      0.0;      0.0; 0; 0; ; ; 0; 1; 2; 1; -1
 1015; 34; 935040; 691609; -1; -1; 55; 0; -1; ; ; ; -1;      0.0;      0.0;      0.0;      0.0; 0; 0; ; ; 0; 1; 1; 7; -1
 1015Ë; 34; 935268; 691585; 935699; 691658; 89; 0; 0; 81 - 24; ; ; -1;     96.7;     11.8;      0.0;      0.0; 744; 0; ; ; 0; 1; 1; 1; -1
 1021Ã; 34; 935150; 693043; 935551; 693430; 89; 0; 0; 107 - 25; ; ; -1;      5.0;    142.2;      0.0;      0.0; 744; 0; ; ; 0; 1; 1; 1; -1
 1022Ã; 2; 941629; 696358; 941359; 696313; 89; 0; 0; 189 - 24; ; ; -1;    352.9;     35.0;      0.0;      0.0; 744; 0; ; ; 0; 2; 1; 1; -1
 1023; 2; 940669; 697053; -1; -1; 39; 32768; -1; 291 - 25; ; ; -1;      0.0;      0.0;   2742.0;      0.0; 0; 744; ; ; 0; 2; 2; 9; -1
 1025Ã; 34; 935736; 692509; 936289; 692812; 89; 0; 0; ; ; ; -1;    296.2;    273.0;      0.0;      0.0; 744; 0; ; ; 0; 1; 1; 1; -1
 1028Ã; 38; 936728; 691313; 936466; 691060; 89; 0; 0; 120 - 24; ; ; -1;     15.5;    392.0;      0.0;      0.0; 744; 0; ; ; 0; 1; 1; 1; -1
 1029Ã; 38; 936561; 691712; 936066; 691854; 117; 0; -1; 198 - 25; ; ; -1;      0.0;      0.0;      0.0;      0.0; 0; 0; ; ; 0; 1; 1; 16; -1
 1030; 34; 935911; 692145; -1; -1; 89; 0; 0; ; ; ; -1;    191.1;     30.3;      0.0;      0.0; 744; 0; ; ; 0; 1; 1; 1; -1
 1031Ã; 34; 935925; 693338; 936397; 693551; 89; 0; 0; 267 - 24; ; ; -1;      0.0;      0.0;      0.0;      0.0; 0; 0; ; ; 0; 1; 1; 1; -1
 1034Ã; 32; 937167; 694180; 936666; 693778; 73; 0; -1; 319 - 25; ; ; -1;      0.0;      0.0;      0.0;      0.0; 0; 0; ; ; 0; 1; 1; 14; -1
 1035; 38; 937126; 691080; -1; -1; 117; 0; -1; 286 - 23; ; ; -1;      0.0;      0.0;      0.0;      0.0; 0; 0; ; ; 0; 1; 1; 16; -1
 1036Ã; 38; 936919; 692026; 936819; 692508; 89; 0; 0; 189 - 25; ; ; -1;     27.8;    821.9;      0.0;      0.0; 744; 0; ; ; 0; 1; 1; 1; -1
 1037Ã; 32; 937513; 694428; 938058; 694881; 89; 0; 0; 165 - 24; ; ; -1;    693.1;    264.0;      0.0;      0.0; 744; 0; ; ; 0; 1; 1; 1; -1
 1039Ã; 32; 938273; 695304; 938545; 695639; 96; 32768; -1; 324 - 25; ; ; -1;      0.0;      0.0;     27.0;      0.0; 0; 24; ; ; 0; 1; 2; 2; -1
 1040; 38; 937472; 691421; -1; -1; 55; 0; -1; ; ; ; -1;      0.0;      0.0;      0.0;      0.0; 0; 0; ; ; 0; 1; 1; 7; -1
 1040Ë; 38; 937503; 691630; 937474; 691810; 73; 0; -1; 106 - 25; ; ; -1;      0.0;      0.0;      0.0;      0.0; 0; 0; ; ; 0; 1; 1; 14; -1
 1041Ã; 34; 934141; 691404; 933725; 691012; 54; 0; -1; ; ; ; -1;      0.0;      0.0;      0.0;      0.0; 0; 0; ; ; 0; 1; 1; 6; -1
 1042Ã; 38; 937149; 692864; 937066; 693376; 55; 0; -1; ; ; ; -1;      0.0;      0.0;      0.0;      0.0; 0; 0; ; ; 0; 1; 1; 7; -1
 1042Ë; 38; 936955; 692847; 936738; 692980; 89; 0; 0; ; ; ; -1;    358.0;    608.0;      0.0;      0.0; 744; 0; ; ; 0; 1; 1; 1; -1
 1044Ã; 34; 934891; 692165; 935328; 692525; 89; 0; 0; ; ; ; -1;    198.2;    262.7;      0.0;      0.0; 744; 0; ; ; 0; 1; 1; 1; -1
 1045; 38; 937985; 691291; -1; -1; 54; 0; -1; ; ; ; -1;      0.0;      0.0;      0.0;      0.0; 0; 0; ; ; 0; 1; 1; 6; -1
 1046; 38; 937738; 692305; -1; -1; 73; 0; -1; 277 - 25; ; ; -1;      0.0;      0.0;      0.0;      0.0; 0; 0; ; ; 0; 1; 1; 14; -1
 1047; 38; 937630; 692770; -1; -1; 22; 8421504; -1; ; ; ; 60;      0.0;      0.0;      0.0;      0.0; 0; 0; ; ; 0; 1; 1; 14; 2
 1047Á; 32; 937538; 692906; -1; -1; 68; 32768; 32768; 321 - 24; ; ; -1;      0.0;      0.0;      0.0;      0.0; 0; 0; ; ; 0; 1; 2; 1; -1
 1050; 38; 938335; 691616; -1; -1; 89; 0; 0; 121 - 24; ; ; -1;     75.5;    369.6;      0.0;      0.0; 744; 0; ; ; 0; 1; 1; 1; -1
 1051; 38; 938214; 692141; -1; -1; 68; 32768; 32768; 308 - 25; ; ; -1;      0.0;      0.0;   2726.0;      0.0; 0; 744; ; ; 0; 1; 2; 1; -1
 1052Ã; 29; 938333; 692607; 937849; 692733; 89; 0; 0; 177 - 25; ; ; -1;      0.0;      0.0;      0.0;      0.0; 0; 0; ; ; 0; 1; 1; 1; -1
 1055; 2; 942778; 697607; -1; -1; 68; 32768; 32768; 357 - 25; ; ; -1;      0.0;      0.0;   1590.0;      0.0; 0; 744; ; ; 0; 2; 2; 1; -1
 1056Ã; 29; 938971; 692095; 938590; 691989; 89; 0; 0; ; ; ; -1;    421.7;    963.6;      0.0;      0.0; 741; 0; ; ; 0; 2; 1; 1; -1
 1058Ã; 32; 937919; 693629; 938409; 694010; 89; 0; 0; 106 - 25; ; ; -1;     71.4;   1822.8;      0.0;      0.0; 744; 0; ; ; 0; 1; 1; 1; -1
 1062Ã; 29; 939336; 691777; 938760; 691601; 89; 0; 0; 112 - 24; ; ; -1;    122.1;     74.0;      0.0;      0.0; 744; 0; ; ; 0; 1; 1; 1; -1
 1068; 29; 939435; 690900; -1; -1; 225; 32768; -1; 339 - 25; ; ; -1;      0.0;      0.0;      0.0;      0.0; 0; 0; ; ; 0; 1; 2; 16; -1
 1069Ã; 29; 939717; 691985; 940749; 692239; 89; 0; 0; ; ; ; -1;    492.7;     42.8;      0.0;      0.0; 684; 0; ; ; 0; -1; 1; 1; -1
 1069Ã; ; 939951; 692046; 940139; 692236; 22; 8421504; -1; ; ; ; -1;      0.0;      0.0;      0.0;      0.0; 0; 0; ; ; 0; -1; -1; -1; -1
 1069Ã; ; 940128; 692091; 940387; 692021; 22; 8421504; -1; ; ; ; -1;      0.0;      0.0;      0.0;      0.0; 0; 0; ; ; 0; -1; -1; -1; -1
 1069Ã; ; 940346; 692144; 940528; 692306; 22; 8421504; -1; ; ; ; -1;      0.0;      0.0;      0.0;      0.0; 0; 0; ; ; 0; -1; -1; -1; -1
 1069Ã; ; 940534; 692190; 940772; 692107; 22; 8421504; -1; ; ; ; -1;      0.0;      0.0;      0.0;      0.0; 0; 0; ; ; 0; -1; -1; -1; -1
 1070; 29; 938746; 692465; -1; -1; 68; 32768; 32768; 324 - 25; ; ; -1;      0.0;      0.0;    890.0;      0.0; 0; 494; ; ; 0; 1; 2; 1; -1
 1071; 29; 938074; 693151; -1; -1; 68; 32768; 32768; 302 - 25; ; ; -1;      0.0;      0.0;   3174.0;      0.0; 0; 744; ; ; 0; 1; 2; 1; -1
 1077; 29; 940399; 691737; -1; -1; 68; 32768; 32768; 306 - 25; ; ; -1;      0.0;      0.0;   1548.0;      0.0; 0; 744; ; ; 0; 2; 2; 1; -1
 1090; 27; 943388; 693685; -1; -1; 89; 0; 0; 220 - 24; ; ; -1;      0.0;      0.0;      0.0;      0.0; 0; 0; ; ; 0; 1; 1; 1; -1
 1091; 4; 941730; 694036; -1; -1; 73; 0; -1; 256 - 25; ; ; -1;      0.0;      0.0;      0.0;      0.0; 0; 0; ; ; 0; 1; 1; 14; -1
 1092; 27; 944421; 693384; -1; -1; 73; 0; -1; 320 - 25; ; ; -1;      0.0;      0.0;      0.0;      0.0; 0; 0; ; ; 0; 1; 1; 14; -1
 1097; 4; 942479; 693335; -1; -1; 54; 0; -1; ; ; ; -1;      0.0;      0.0;      0.0;      0.0; 0; 0; ; ; 0; 1; 1; 6; -1
 1098; 4; 942140; 694450; -1; -1; 54; 0; -1; ; ; ; -1;      0.0;      0.0;      0.0;      0.0; 0; 0; ; ; 0; 1; 1; 6; -1
 1099Ã; 4; 941979; 695066; 941576; 695192; 68; 32768; 32768; 304 - 25; ; ; -1;      0.0;      0.0;      0.0;      0.0; 0; 0; ; ; 0; 1; 2; 1; -1
 1100; 31; 941107; 694820; -1; -1; 89; 0; 0; 83 - 25; ; ; -1;     56.6;      9.8;      0.0;      0.0; 744; 0; ; ; 0; 1; 1; 1; -1
 1101; 31; 940852; 693913; -1; -1; 89; 0; 0; 134 - 23; ; ; -1;    427.9;     81.2;      0.0;      0.0; 744; 0; ; ; 0; 1; 1; 1; -1
 1102Ó; 31; 940593; 694983; -1; -1; 89; 0; 0; 107 - 25; ; ; -1;    244.4;    139.8;      0.0;      0.0; 744; 0; ; ; 0; 1; 1; 1; -1
 1103; 31; 940908; 693351; -1; -1; 68; 32768; 32768; 358 - 25; ; ; -1;      0.0;      0.0;     38.0;      0.0; 0; 24; ; ; 0; 1; 2; 1; -1
 1104; 4; 942891; 693760; -1; -1; 117; 0; -1; ; ; ; -1;      0.0;      0.0;      0.0;      0.0; 0; 0; ; ; 0; 1; 1; 16; -1
 1105; 4; 942708; 694322; -1; -1; 68; 32768; 32768; 303 - 25; ; ; -1;      0.0;      0.0;      0.0;      0.0; 0; 0; ; ; 0; 1; 2; 1; -1
 1106; 4; 942414; 695478; -1; -1; 68; 32768; 32768; 309 - 24; ; ; -1;      0.0;      0.0;   2582.0;      0.0; 0; 744; ; ; 0; 1; 2; 1; -1
 1107; 31; 940329; 694054; -1; -1; 55; 0; -1; ; ; ; -1;      0.0;      0.0;      0.0;      0.0; 0; 0; ; ; 0; 1; 1; 7; -1
 1107Ë; 31; 940186; 694225; 940044; 694522; 89; 0; 0; ; ; ; -1;    786.2;    483.2;      0.0;      0.0; 744; 0; ; ; 0; 1; 1; 1; -1
 1108; 31; 940190; 694596; -1; -1; 55; 0; -1; ; ; ; -1;      0.0;      0.0;      0.0;      0.0; 0; 0; ; ; 0; 1; 1; 7; -1
 1108Í; 31; 939979; 694731; -1; -1; 117; 0; -1; ; ; ; -1;      0.0;      0.0;      0.0;      0.0; 0; 0; ; ; 0; 1; 1; 16; -1
 1109; 31; 939919; 695669; -1; -1; 117; 0; -1; ; ; ; -1;      0.0;      0.0;      0.0;      0.0; 0; 0; ; ; 0; 1; 1; 16; -1
 1110Ã; 31; 939945; 693690; 940039; 693145; 89; 0; 0; 148 - 24; ; ; -1;    394.5;     18.4;      0.0;      0.0; 744; 0; ; ; 0; 1; 1; 1; -1
 1111; 4; 943153; 694764; -1; -1; 68; 32768; 32768; 321 - 24; ; ; -1;      0.0;      0.0;   2129.0;      0.0; 0; 744; ; ; 0; 1; 2; 1; -1
 1112; 4; 942989; 695338; -1; -1; 89; 0; 0; 134 - 24; ; ; -1;     59.9;    153.6;      0.0;      0.0; 410; 0; ; ; 0; 1; 1; 1; -1
 1113Ó; 31; 939809; 696201; -1; -1; 89; 0; 0; 302 - 25; ; ; -1;      2.7;    183.1;      0.0;      0.0; 744; 0; ; ; 0; 1; 1; 1; -1
 1114; 31; 939657; 694743; -1; -1; 73; 0; -1; 299 - 25; ; ; -1;      0.0;      0.0;      0.0;      0.0; 0; 0; ; ; 0; 1; 1; 14; -1
 1115; 31; 938862; 694011; -1; -1; 68; 32768; 32768; 335 - 25; ; ; -1;      0.0;      0.0;    569.0;      0.0; 0; 744; ; ; 0; 1; 2; 1; -1
 1116; 31; 939149; 694897; -1; -1; 68; 32768; 32768; 348 - 25; ; ; -1;      0.0;      0.0;   2205.0;      0.0; 0; 744; ; ; 0; 2; 2; 1; -1
 1117; 31; 938751; 694511; -1; -1; 89; 0; 0; 120 - 24; ; ; -1;    180.9;    174.0;      0.0;      0.0; 744; 0; ; ; 0; 1; 1; 1; -1
 1118; 31; 940333; 696050; -1; -1; 68; 32768; 32768; 313 - 25; ; ; -1;      0.0;      0.0;      0.0;      0.0; 0; 0; ; ; 0; 2; 2; 1; -1
 1119; 28; 942177; 692544; -1; -1; 117; 0; -1; ; ; ; -1;      0.0;      0.0;      0.0;      0.0; 0; 0; ; ; 0; 1; 1; 16; -1
 1120Ã; 2; 941743; 696889; 941129; 696716; 89; 0; 0; 164 - 25; ; ; -1;    935.7;    827.4;      0.0;      0.0; 744; 0; ; ; 0; 1; 1; 1; -1
 1121; 28; 943228; 692222; -1; -1; 89; 0; 0; 208 - 23; ; ; -1;     17.1;    778.0;      0.0;      0.0; 744; 0; ; ; 0; 1; 1; 1; -1
 1122; 28; 943107; 692764; -1; -1; 73; 0; -1; 267 - 25; ; ; -1;      0.0;      0.0;      0.0;      0.0; 0; 0; ; ; 0; 1; 1; 14; -1
 1123; 28; 942819; 691840; -1; -1; 117; 0; -1; ; ; ; -1;      0.0;      0.0;      0.0;      0.0; 0; 0; ; ; 0; 1; 1; 16; -1
 1124; 28; 942574; 692908; -1; -1; 54; 0; -1; 237 - 23; ; ; -1;      0.0;      0.0;      0.0;      0.0; 0; 0; ; ; 0; 1; 1; 6; -1
 1126; 27; 943502; 693150; -1; -1; 54; 0; -1; ; ; ; -1;      0.0;      0.0;      0.0;      0.0; 0; 0; ; ; 0; 1; 1; 6; -1
 1127Ã; 2; 941972; 696006; 942377; 696106; 89; 0; 0; 219 - 24; ; ; -1;    194.0;    215.6;      0.0;      0.0; 744; 0; ; ; 0; 1; 1; 1; -1
 1128Ã; 2; 942405; 696573; 942730; 696681; 89; 0; 0; 100 - 24; ; ; -1;    172.2;      9.3;      0.0;      0.0; 744; 0; ; ; 0; 2; 1; 1; -1
 1129Ã; 2; 942070; 697027; 942740; 697093; 89; 0; 0; 109 - 25; ; ; -1;    217.1;     34.7;      0.0;      0.0; 744; 0; ; ; 0; 1; 1; 1; -1
 1130; 27; 943735; 692098; -1; -1; 56; 0; -1; 343 - 25; ; ; -1;      0.0;      0.0;      0.0;      0.0; 0; 0; ; ; 0; 1; 1; 9; -1
 1131; 27; 944146; 692470; -1; -1; 55; 0; -1; ; ; ; -1;      0.0;      0.0;      0.0;      0.0; 0; 0; ; ; 0; 1; 1; 7; -1
 1131Ë; 27; 944376; 692374; 944670; 692267; 54; 0; -1; ; ; ; -1;      0.0;      0.0;      0.0;      0.0; 0; 0; ; ; 0; 1; 1; 6; -1
 1132; 27; 944019; 692986; -1; -1; 89; 0; 0; 286 - 25; ; ; -1;      4.5;    368.9;      0.0;      0.0; 744; 0; ; ; 0; 1; 1; 1; -1
 1133Ã; 28; 940998; 691399; 940478; 691231; 89; 0; 0; 166 - 23; ; ; -1;    175.4;   2032.7;      0.0;      0.0; 744; 0; ; ; 0; 1; 1; 1; -1
 1134; 28; 941094; 690861; -1; -1; 39; 32768; -1; 329 - 25; ; ; -1;      0.0;      0.0;      0.0;      0.0; 0; 0; ; ; 0; 2; 2; 9; -1
 1139Ã; 7; 943483; 695143; 943616; 694642; 89; 0; 0; ; ; ; -1;     31.3;    632.4;      0.0;      0.0; 744; 0; ; ; 0; 1; 1; 1; -1
 1140Ã; 7; 943229; 696230; 943163; 696542; 89; 0; 0; 95 - 23; ; ; -1;    166.6;     16.3;      0.0;      0.0; 744; 0; ; ; 0; 1; 1; 1; -1
 1145; 7; 944263; 693916; -1; -1; 55; 0; -1; ; ; ; -1;      0.0;      0.0;      0.0;      0.0; 0; 0; ; ; 0; 1; 1; 7; -1
 1145Ë; 7; 944354; 693773; 944457; 693622; 54; 0; -1; ; ; ; -1;      0.0;      0.0;      0.0;      0.0; 0; 0; ; ; 0; 1; 1; 6; -1
 1146; 7; 944152; 694446; -1; -1; 117; 0; -1; 190 - 25; ; ; -1;      0.0;      0.0;      0.0;      0.0; 0; 0; ; ; 0; 1; 1; 16; -1
 1147; 7; 943930; 695526; -1; -1; 225; 32768; -1; 311 - 23; ; ; -1;      0.0;      0.0;      0.0;      0.0; 0; 0; ; ; 0; 1; 2; 16; -1
 1148; 7; 943776; 696054; -1; -1; 89; 0; 0; 146 - 24; ; ; -1;     44.0;    282.7;      0.0;      0.0; 744; 0; ; ; 0; 1; 1; 1; -1
 1149Ã; 5; 944945; 694290; 945306; 694382; 89; 0; 0; ; ; ; -1;    115.1;     33.1;      0.0;      0.0; 672; 0; ; ; 0; 1; 1; 1; -1
 1150Ã; 6; 943728; 697168; 943208; 697024; 89; 0; 0; ; ; ; -1;    229.9;     31.8;      0.0;      0.0; 744; 0; ; ; 0; 1; 1; 1; -1
 1151; 27; 945090; 692699; -1; -1; 89; 0; 0; 306 - 25; ; ; -1;     24.3;    936.5;      0.0;      0.0; 744; 0; ; ; 0; 1; 1; 1; -1
 1152; 27; 944940; 693230; -1; -1; 89; 0; 0; 150 - 24; ; ; -1;     52.6;    330.4;      0.0;      0.0; 744; 0; ; ; 0; 1; 1; 1; -1
 1154; 7; 944697; 694282; -1; -1; 89; 0; 0; ; ; ; -1;      2.3;      0.3;      0.0;      0.0; 24; 0; ; ; 0; 2; 1; 1; -1
 1155; 7; 944419; 695374; -1; -1; 96; 32768; -1; 295 - 25; ; ; -1;      0.0;      0.0;      5.0;      0.0; 0; 24; ; ; 0; 1; 2; 2; -1
 1156Ã; 7; 944172; 696427; 943994; 696948; 89; 0; 0; 99 - 25; ; ; -1;     84.7;    662.7;      0.0;      0.0; 744; 0; ; ; 0; 1; 1; 1; -1
 1161; 27; 945328; 693622; -1; -1; 55; 0; -1; ; ; ; -1;      0.0;      0.0;      0.0;      0.0; 0; 0; ; ; 0; 1; 1; 7; -1
 1161Í; 27; 945533; 693787; -1; -1; 68; 32768; 32768; 310 - 25; ; ; -1;      0.0;      0.0;      0.0;      0.0; 0; 0; ; ; 0; 1; 2; 1; -1
 1162; 7; 945087; 694684; -1; -1; 68; 32768; 32768; 359 - 25; ; ; -1;      0.0;      0.0;    710.0;      0.0; 0; 564; ; ; 0; 1; 2; 1; -1
 1163Ã; 7; 944849; 695615; 944652; 696374; 73; 0; -1; 319 - 25; ; ; -1;      0.0;      0.0;      0.0;      0.0; 0; 0; ; ; 0; 1; 1; 14; -1
 1164; 2; 941644; 697746; -1; -1; 89; 0; 0; 121 - 25; ; ; -1;      0.0;      0.0;      0.0;      0.0; 0; 0; ; ; 0; 1; 1; 1; -1
 1168Ã; 5; 946036; 692588; 946704; 692765; 89; 0; 0; 111 - 25; ; ; -1;    390.4;     59.7;      0.0;      0.0; 744; 0; ; ; 0; 1; 1; 1; -1
 1169Ã; 5; 945852; 693450; 946065; 693496; 89; 0; 0; 175 - 24; ; ; -1;    139.9;     31.3;      0.0;      0.0; 744; 0; ; ; 0; 1; 1; 1; -1
 1170Ã; 5; 945262; 692584; 945736; 692566; 89; 0; 0; 90 - 24; ; ; -1;    251.7;    207.6;      0.0;      0.0; 744; 0; ; ; 0; 1; 1; 1; -1
 1170Ã; ; 945346; 692579; 945736; 692566; 22; 8421504; -1; ; ; ; -1;      0.0;      0.0;      0.0;      0.0; 0; 0; ; ; 0; -1; -1; -1; -1
 1171; 7; 945477; 695063; -1; -1; 89; 0; 0; 92 - 24; ; ; -1;     89.2;    202.9;      0.0;      0.0; 744; 0; ; ; 0; 1; 1; 1; -1
 1172; 7; 945209; 696140; -1; -1; 89; 0; 0; 128 - 23; ; ; -1;    178.8;     25.1;      0.0;      0.0; 658; 0; ; ; 0; 2; 1; 1; -1
 1176Ã; 5; 946404; 693577; 946747; 693654; 55; 0; -1; ; ; ; -1;      0.0;      0.0;      0.0;      0.0; 0; 0; ; ; 0; 1; 1; 7; -1
 1176Í; 5; 946289; 693531; -1; -1; 89; 0; 0; 294 - 24; ; ; -1;      0.4;    444.5;      0.0;      0.0; 646; 0; ; ; 0; 1; 1; 1; -1
 1177Ã; 5; 946310; 694437; 946634; 694541; 117; 0; -1; 228 - 25; ; ; -1;      0.0;      0.0;      0.0;      0.0; 0; 0; ; ; 0; 1; 1; 16; -1
 1178Ã; 5; 945682; 694330; 946019; 694434; 117; 0; -1; 256 - 25; ; ; -1;      0.0;      0.0;      0.0;      0.0; 0; 0; ; ; 0; 1; 1; 16; -1
 1179; 7; 945873; 695424; -1; -1; 89; 0; 0; 144 - 24; ; ; -1;     61.3;    103.9;      0.0;      0.0; 744; 0; ; ; 0; 2; 1; 1; -1
 1180; 7; 945606; 696504; -1; -1; 68; 32768; 32768; 319 - 25; ; ; -1;      0.0;      0.0;    626.0;      0.0; 0; 646; ; ; 0; 1; 2; 1; -1
 1181; 11; 948625; 695032; -1; -1; 89; 0; 0; ; ; ; -1;     11.0;   1878.6;      0.0;      0.0; 480; 0; ; ; 0; 1; 1; 1; -1
 1184Ã; 5; 947027; 693716; 947345; 693802; 89; 0; 0; 165 - 24; ; ; -1;    333.9;     35.5;      0.0;      0.0; 744; 0; ; ; 0; 1; 1; 1; -1
 1186; 8; 946543; 694764; -1; -1; 73; 0; -1; 335 - 25; ; ; -1;      0.0;      0.0;      0.0;      0.0; 0; 0; ; ; 0; 1; 1; 14; -1
 1187; 8; 946250; 695808; -1; -1; 68; 32768; 32768; 317 - 25; ; ; -1;      0.0;      0.0;    793.0;      0.0; 0; 438; ; ; 0; 1; 2; 1; -1
 1188; 10; 945993; 696901; -1; -1; 55; 0; -1; ; ; ; -1;      0.0;      0.0;      0.0;      0.0; 0; 0; ; ; 0; 1; 1; 7; -1
 1188Í; 10; 945730; 697071; -1; -1; 54; 0; -1; ; ; ; -1;      0.0;      0.0;      0.0;      0.0; 0; 0; ; ; 0; 1; 1; 6; -1
 1192Ã; 6; 945017; 697380; 944366; 697259; 89; 0; 0; ; ; ; -1;    332.4;     42.5;      0.0;      0.0; 744; 0; ; ; 0; 1; 1; 1; -1
 1193; 11; 949115; 694893; -1; -1; 117; 0; -1; 317 - 25; ; ; -1;      0.0;      0.0;      0.0;      0.0; 0; 0; ; ; 0; 1; 1; 16; -1
 1196Ó; 8; 946926; 695143; -1; -1; 68; 32768; 32768; 339 - 25; ; ; -1;      0.0;      0.0;      0.0;      0.0; 0; 0; ; ; 0; 1; 2; 1; -1
 1198; 10; 946658; 696198; -1; -1; 89; 0; 0; 101 - 24; ; ; -1;    151.1;    173.4;      0.0;      0.0; 744; 0; ; ; 0; 1; 1; 1; -1
 1199; 10; 946407; 697300; -1; -1; 89; 0; 0; 209 - 24; ; ; -1;      0.0;   1460.8;      0.0;      0.0; 744; 0; ; ; 0; 1; 1; 1; -1
 1201; 11; 949541; 694732; -1; -1; 89; 0; 0; 165 - 24; ; ; -1;     95.2;    259.0;      0.0;      0.0; 743; 0; ; ; 0; 1; 1; 1; -1
 1202; 8; 947591; 694459; -1; -1; 39; 32768; -1; 329 - 25; ; ; -1;      0.0;      0.0;     37.0;      0.0; 0; 28; ; ; 0; 2; 2; 9; -1
 1203; 8; 947452; 694987; -1; -1; 117; 0; -1; 227 - 24; ; ; -1;      0.0;      0.0;      0.0;      0.0; 0; 0; ; ; 0; 1; 1; 16; -1
 1204; 8; 947321; 695531; -1; -1; 73; 0; -1; 193 - 25; ; ; -1;      0.0;      0.0;      0.0;      0.0; 0; 0; ; ; 0; 1; 1; 14; -1
 1205; 10; 947054; 696597; -1; -1; 89; 0; 0; 119 - 24; ; ; -1;    134.3;    214.7;      0.0;      0.0; 727; 0; ; ; 0; 1; 1; 1; -1
 1207; 12; 950390; 694998; -1; -1; 89; 0; 0; 148 - 25; ; ; -1;    122.8;    668.6;      0.0;      0.0; 741; 0; ; ; 0; 1; 1; 1; -1
 1208; 10; 946669; 698201; -1; -1; 55; 0; -1; ; ; ; -1;      0.0;      0.0;      0.0;      0.0; 0; 0; ; ; 0; 1; 1; 7; -1
 1208Í; 10; 946392; 698284; -1; -1; 117; 0; -1; 183 - 25; ; ; -1;      0.0;      0.0;      0.0;      0.0; 0; 0; ; ; 0; 1; 1; 16; -1
 1209; 8; 947993; 694833; -1; -1; 89; 0; 0; 127 - 25; ; ; -1;    134.2;    215.2;      0.0;      0.0; 744; 0; ; ; 0; 1; 1; 1; -1
 1211; 8; 947717; 695902; -1; -1; 89; 0; 0; 127 - 24; ; ; -1;    117.3;     58.1;      0.0;      0.0; 744; 0; ; ; 0; 1; 1; 1; -1
 1212; 10; 947442; 696966; -1; -1; 68; 32768; 32768; 334 - 25; ; ; -1;      0.0;      0.0;    594.0;      0.0; 0; 744; ; ; 0; 2; 2; 1; -1
 1216; 12; 950747; 695293; -1; -1; 55; 0; -1; ; ; ; -1;      0.0;      0.0;      0.0;      0.0; 0; 0; ; ; 0; 1; 1; 7; -1
 1216Í; 12; 950955; 695498; -1; -1; 73; 0; -1; 267 - 25; ; ; -1;      0.0;      0.0;      0.0;      0.0; 0; 0; ; ; 0; 1; 1; 14; -1
 1217Ã; 12Á; 951472; 693807; 951900; 693921; 89; 0; 0; 229 - 23; ; ; -1;    295.1;   1622.4;      0.0;      0.0; 744; 0; ; ; 0; 1; 1; 1; -1
 1218; 8; 948383; 695224; -1; -1; 117; 0; -1; ; ; ; -1;      0.0;      0.0;      0.0;      0.0; 0; 0; ; ; 0; 1; 1; 16; -1
 1219; 8; 948132; 696299; -1; -1; 68; 32768; 32768; 312 - 25; ; ; -1;      0.0;      0.0;      0.0;      0.0; 0; 0; ; ; 0; 1; 2; 1; -1
 1220; 12Á; 950893; 694540; -1; -1; 68; 32768; 32768; 289 - 25; ; ; -1;      0.0;      0.0;   2080.0;      0.0; 0; 617; ; ; 0; 1; 2; 1; -1
 1221Ó; 10; 947841; 697353; -1; -1; 89; 0; 0; 97 - 25; ; ; -1;    141.7;    255.2;      0.0;      0.0; 739; 0; ; ; 0; 1; 1; 1; -1
 1224; 8; 948555; 696548; -1; -1; 89; 0; 0; 98 - 25; ; ; -1;    182.0;    197.4;      0.0;      0.0; 744; 0; ; ; 0; 1; 1; 1; -1
 1225Ó; 14; 950009; 698447; -1; -1; 89; 0; 0; 180 - 25; ; ; 172;     31.3;    399.2;      0.0;      0.0; 743; 0; ; ; 0; 1; 1; 1; 5
 1230; 10; 948255; 697724; -1; -1; 55; 0; -1; ; ; ; -1;      0.0;      0.0;      0.0;      0.0; 0; 0; ; ; 0; 1; 1; 7; -1
 1230Í; 10; 948151; 697448; -1; -1; 89; 0; 0; 187 - 25; ; ; -1;     39.2;   1145.1;      0.0;      0.0; 744; 0; ; ; 0; 1; 1; 1; -1
 1231; 10; 948123; 698244; -1; -1; 89; 0; 0; 157 - 24; ; ; -1;      0.0;      0.0;      0.0;      0.0; 0; 0; ; ; 0; 1; 1; 1; -1
 1235; 14; 948779; 697577; -1; -1; 68; 32768; 32768; 306 - 25; ; ; -1;      0.0;      0.0;   1612.0;      0.0; 0; 542; ; ; 0; 1; 2; 1; -1
 1236Ó; 14; 949040; 698494; -1; -1; 56; 0; -1; 95 - 25; ; ; -1;     84.3;     93.3;      0.0;      0.0; 743; 0; ; ; 0; 1; 1; 9; 6
 1245; 12Á; 951371; 694711; -1; -1; 68; 32768; 32768; 310 - 25; ; ; -1;      0.0;      0.0;   2062.0;      0.0; 0; 617; ; ; 0; 1; 2; 1; -1
 1248; 14; 949425; 698879; -1; -1; 73; 0; -1; 272 - 25; ; ; -1;      0.0;      0.0;      0.0;      0.0; 0; 0; ; ; 0; 1; 1; 14; -1
 1253; 14; 950352; 697235; -1; -1; 68; 32768; 32768; ; ; ; -1;      0.0;      0.0;   1054.0;      0.0; 0; 542; ; ; 0; 1; 2; 1; -1
 1254Ã; 14; 950055; 698040; 950688; 698211; 89; 0; 0; 101 - 24; ; ; -1;    229.4;    735.5;      0.0;      0.0; 743; 0; ; ; 0; 1; 1; 1; -1
 1255; 14; 949165; 697901; -1; -1; 89; 0; 0; 114 - 25; ; ; -1;    294.8;     91.2;      0.0;      0.0; 743; 0; ; ; 0; 1; 1; 1; -1
 1259; 12Á; 952816; 694209; -1; -1; 89; 0; 0; 197 - 24; ; ; -1;     13.8;     87.7;      0.0;      0.0; 740; 0; ; ; 0; 1; 1; 1; -1
 1262; 17; 950704; 697797; -1; -1; 89; 0; 0; ; ; ; -1;    152.7;     44.0;      0.0;      0.0; 744; 0; ; ; 0; 1; 1; 1; -1
 1264; 21; 954576; 696060; -1; -1; 89; 0; 0; 246 - 25; ; ; -1;      0.0;      0.0;      0.0;      0.0; 0; 0; ; ; 0; 1; 1; 1; -1
 1265Ã; 1Á; 951904; 694839; 952311; 694952; 68; 32768; 32768; 319 - 25; ; ; -1;      0.0;      0.0;   2395.0;      0.0; 0; 744; ; ; 0; 1; 2; 1; -1
 1266Ã; 1Á; 952454; 694989; 952909; 695088; 89; 0; 0; 217 - 23; ; ; -1;    270.9;    400.8;      0.0;      0.0; 654; 0; ; ; 0; 1; 1; 1; -1
 1267Ã; 1Á; 952228; 695848; 952678; 695970; 89; 0; 0; 197 - 24; ; ; -1;      0.0;      0.0;      0.0;      0.0; 0; 0; ; ; 0; 1; 1; 1; -1
 1269; 17; 949932; 698876; -1; -1; 89; 0; 0; 296 - 25; ; ; -1;      0.0;      0.0;   1511.0;      0.0; 0; 484; ; ; 0; 1; 1; 1; -1
 1270Ã; 17; 951640; 696798; 951163; 696658; 89; 0; 0; 193 - 24; ; ; -1;     88.8;   2633.9;      0.0;      0.0; 562; 0; ; ; 0; 1; 1; 1; -1
 1272; 21; 954985; 696497; -1; -1; 74; 32768; -1; 227 - 25; ; ; -1;      0.0;      0.0;      0.0;      0.0; 0; 0; ; ; 0; 1; 2; 14; -1
 1273; 17; 951020; 698418; -1; -1; 68; 32768; 32768; 302 - 25; ; ; -1;      0.0;      0.0;    984.0;      0.0; 0; 744; ; ; 0; 1; 2; 1; -1
 1274Ã; 17; 951043; 699238; 950542; 699125; 89; 0; 0; 153 - 24; ; ; -1;    770.3;    258.0;      0.0;      0.0; 744; 0; ; ; 0; 1; 1; 1; -1
 1277; 21; 955594; 696317; -1; -1; 55; 0; -1; ; ; ; -1;      0.0;      0.0;      0.0;      0.0; 0; 0; ; ; 0; 1; 1; 7; -1
 1278; 17; 952363; 697100; -1; -1; 55; 0; -1; ; ; ; -1;      0.0;      0.0;      0.0;      0.0; 0; 0; ; ; 0; 1; 1; 7; -1
 1278Ë; 17; 952254; 697003; 951943; 696790; 68; 32768; 32768; 267 - 25; ; ; -1;      0.0;      0.0;   1614.0;      0.0; 0; 744; ; ; 0; 1; 2; 1; -1
 1281Ã; 1Á; 951543; 695705; 951181; 695616; 117; 0; -1; 170 - 25; ; ; -1;      0.0;      0.0;      0.0;      0.0; 0; 0; ; ; 0; 1; 1; 16; -1
 1282Ã; 1Á; 951675; 695696; 952052; 695847; 73; 0; -1; 247 - 25; ; ; -1;      0.0;      0.0;      0.0;      0.0; 0; 0; ; ; 0; 1; 1; 14; -1
 1283; 21; 956001; 696729; -1; -1; 73; 0; -1; 228 - 25; ; ; -1;      0.0;      0.0;      0.0;      0.0; 0; 0; ; ; 0; 1; 1; 14; -1
 1284Ã; 1Á; 953219; 695171; 953590; 695278; 89; 0; 0; ; ; ; -1;    136.7;    439.1;      0.0;      0.0; 360; 0; ; ; 0; 1; 1; 1; -1
 1285Í; 17; 951832; 698062; -1; -1; 89; 0; 0; 227 - 24; ; ; -1;     12.7;    450.2;      0.0;      0.0; 744; 0; ; ; 0; 1; 1; 1; -1
 1285Í; 17; 951862; 697974; -1; -1; 22; 8421504; -1; ; ; ; -1;      0.0;      0.0;      0.0;      0.0; 0; 0; ; ; 0; -1; -1; -1; -1
 1285Ó; 17; 951680; 697748; -1; -1; 55; 0; -1; ; ; ; 172;      0.0;      0.0;      0.0;      0.0; 0; 0; ; ; 0; 1; 1; 7; 5
 1286; 17; 951511; 698266; -1; -1; 89; 0; 0; 193 - 24; ; ; -1;     82.1;   1087.1;      0.0;      0.0; 744; 0; ; ; 0; 1; 1; 1; -1
 1290Ã; 1Á; 952919; 696047; 953329; 696148; 89; 0; 0; 179 - 23; ; ; -1;     96.3;   1340.4;      0.0;      0.0; 744; 0; ; ; 0; 1; 1; 1; -1
 1291; 17; 952223; 697586; -1; -1; 89; 0; 0; 196 - 25; ; ; -1;    434.7;    998.8;      0.0;      0.0; 744; 0; ; ; 0; 1; 1; 1; -1
 1292Ã; 17; 951088; 697586; 950645; 697372; 73; 0; -1; 230 - 25; ; ; -1;      0.0;      0.0;      0.0;      0.0; 0; 0; ; ; 0; 1; 1; 14; -1
 1293; 17; 950941; 698772; -1; -1; 89; 0; 0; 141 - 25; ; ; -1;    362.4;    391.1;      0.0;      0.0; 720; 0; ; ; 0; 1; 1; 1; -1
 1310Ã; 18; 953267; 697055; 952805; 696954; 89; 0; 0; 212 - 23; ; ; -1;    152.0;   1192.9;      0.0;      0.0; 744; 0; ; ; 0; 1; 1; 1; -1
 1311Ã; 18; 953916; 697227; 953501; 697114; 89; 0; 0; 233 - 25; ; ; -1;      0.0;      0.0;      0.0;      0.0; 0; 0; ; ; 0; 1; 1; 1; -1
 1316Ã; 18; 954162; 696295; 953733; 696175; 73; 0; -1; 221 - 25; ; ; -1;      0.0;      0.0;      0.0;      0.0; 0; 0; ; ; 0; 1; 1; 14; -1
 1321Ã; 40; 953063; 697945; 953540; 698045; 89; 0; 0; 213 - 25; ; ; -1;     10.9;   1750.7;      0.0;      0.0; 743; 0; ; ; 0; 1; 1; 1; -1
 1322Ã; 18; 955241; 697568; 955981; 697687; 54; 0; -1; 200 - 24; ; ; -1;      0.0;      0.0;      0.0;      0.0; 0; 0; ; ; 0; 1; 1; 6; -1
 1332; 20; 954040; 698263; -1; -1; 89; 0; 0; 197 - 25; ; ; -1;    158.8;    756.9;      0.0;      0.0; 727; 0; ; ; 0; 1; 1; 1; -1
 1335Ó; 23; 955783; 697075; -1; -1; 68; 32768; 32768; 317 - 24; ; ; 172;      0.0;      0.0;   1148.0;      0.0; 0; 744; ; ; 0; 1; 2; 1; 5
 1339Ã; 20; 954821; 699295; 954351; 699195; 89; 0; 0; ; ; ; -1;    111.0;    625.5;      0.0;      0.0; 744; 0; ; ; 0; 1; 1; 1; -1
 1345Ã; 22; 955897; 699535; 955607; 699453; 89; 0; 0; 187 - 24; ; ; -1;     49.5;   2645.9;      0.0;      0.0; 743; 0; ; ; 0; 1; 1; 1; -1
 1346Ã; 40; 952494; 697798; 952932; 697904; 89; 0; 0; 188 - 23; ; ; -1;    118.3;   2143.6;      0.0;      0.0; 744; 0; ; ; 0; 1; 1; 1; -1
 1349Ã; 22; 956531; 699726; 956219; 699647; 73; 0; -1; 256 - 25; ; ; -1;      0.0;      0.0;      0.0;      0.0; 0; 0; ; ; 0; 1; 1; 14; -1
 1351Ã; 22; 956776; 699841; 957102; 699860; 56; 0; -1; 150 - 25; ; ; -1;    232.7;   4572.6;      0.0;      0.0; 743; 0; ; ; 0; 1; 1; 9; -1
 1352Ã; 22; 957431; 699968; 957772; 700047; 54; 0; -1; 180 - 24; ; ; -1;      0.0;      0.0;      0.0;      0.0; 0; 0; ; ; 0; 1; 1; 6; -1
 1354Ã; 23; 956417; 697840; 957011; 698021; 73; 0; -1; 187 - 25; ; ; -1;      0.0;      0.0;      0.0;      0.0; 0; 0; ; ; 0; 1; 1; 14; -1
 1358Ã; 25; 958261; 697430; -1; -1; 55; 0; -1; ; ; ; -1;      0.0;      0.0;      0.0;      0.0; 0; 0; ; ; 0; 1; 1; 7; -1
 1360Ã; 23; 957414; 699026; 958023; 699182; 89; 0; 0; 164 - 24; ; ; -1;    790.8;   1266.1;      0.0;      0.0; 744; 0; ; ; 0; 1; 1; 1; -1
 1367Ã; 23; 957443; 698125; 958077; 698270; 117; 0; -1; 180 - 24; ; ; -1;      0.0;      0.0;      0.0;      0.0; 0; 0; ; ; 0; 1; 1; 16; -1
 1376Ã; 24; 960258; 699809; 960540; 699890; 68; 32768; 32768; 187 - 24; ; ; -1;      0.0;      0.0;   1455.0;      0.0; 0; 744; ; ; 0; 1; 2; 1; -1
 1382Ã; 25; 960458; 698937; 960773; 699028; 89; 0; 0; 131 - 25; ; ; -1;    410.7;   1119.3;      0.0;      0.0; 744; 0; ; ; 0; 1; 1; 1; -1
 1385Ã; 25; 958871; 698499; 958474; 698374; 89; 0; 0; ; ; ; -1;    561.1;     59.8;      0.0;      0.0; 743; 0; ; ; 0; 1; 1; 1; -1
 1386Ã; 24; 960067; 700666; 960428; 700818; 55; 0; -1; ; ; ; -1;      0.0;      0.0;      0.0;      0.0; 0; 0; ; ; 0; 1; 1; 7; -1
 1386Í; 24; 960141; 700504; -1; -1; 89; 0; 0; 199 - 23; ; ; -1;     64.7;   1390.1;      0.0;      0.0; 743; 0; ; ; 0; 1; 1; 1; -1
 1387Ã; 25; 959832; 698692; 960155; 698849; 89; 0; 0; 154 - 24; ; ; -1;    201.3;    694.7;      0.0;      0.0; 744; 0; ; ; 0; 1; 1; 1; -1
 1388Ã; 24; 958414; 700726; 958182; 700650; 89; 0; 0; 201 - 25; ; ; -1;    131.8;   3760.4;      0.0;      0.0; 743; 0; ; ; 0; 2; 1; 1; -1
 1389Ã; 24; 959925; 699801; 959690; 699592; 89; 0; 0; 127 - 25; ; ; -1;   1043.3;    201.1;      0.0;      0.0; 744; 0; ; ; 0; 1; 1; 1; -1
 1390Ã; 25; 958712; 699388; 958426; 699313; 89; 0; 0; 157 - 24; ; ; -1;    495.4;     60.2;      0.0;      0.0; 744; 0; ; ; 0; 1; 1; 1; -1
 1391Ã; 25; 958753; 699914; 958516; 699829; 96; 32768; -1; 287 - 25; ; ; -1;      0.0;      0.0;     35.0;      0.0; 0; 24; ; ; 0; 1; 2; 2; -1
 1393Ã; 24; 958350; 700262; 958056; 700162; 54; 0; -1; ; ; ; -1;      0.0;      0.0;      0.0;      0.0; 0; 0; ; ; 0; 1; 1; 6; -1
 1394; 25; 959133; 697647; -1; -1; 68; 32768; 32768; 305 - 25; ; ; -1;      0.0;      0.0;      0.0;      0.0; 0; 0; ; ; 0; 2; 2; 1; -1
 1395Ã; 25; 959573; 698696; 959271; 698613; 55; 0; -1; ; ; ; -1;      0.0;      0.0;      0.0;      0.0; 0; 0; ; ; 0; 1; 1; 7; -1
 1395Í; 25; 959447; 698850; -1; -1; 89; 0; 0; 109 - 24; ; ; -1;     69.5;    363.7;      0.0;      0.0; 744; 0; ; ; 0; 1; 1; 1; -1
 1396Ã; 24; 959769; 700618; 959469; 700525; 89; 0; 0; 193 - 24; ; ; -1;    230.4;   4651.6;      0.0;      0.0; 744; 0; ; ; 0; 1; 1; 1; -1
 1397Ã; 24; 958963; 700489; 958675; 700439; 89; 0; 0; 131 - 24; ; ; -1;    396.1;    637.1;      0.0;      0.0; 744; 0; ; ; 0; 1; 1; 1; -1
 1398Ã; 25; 959351; 699573; 959048; 699476; 96; 32768; -1; 279 - 25; ; ; -1;      0.0;      0.0;      0.0;      0.0; 0; 0; ; ; 0; 1; 2; 2; -1
 1399Ã; 25; 960031; 697882; 960431; 697997; 68; 32768; 32768; 315 - 25; ; ; -1;      0.0;      0.0;   5940.0;      0.0; 0; 744; ; ; 0; 1; 2; 1; -1
 1401Ã; 40; 952851; 698807; 952416; 698721; 89; 0; 0; 219 - 24; ; ; -1;      0.0;      0.0;      0.0;      0.0; 0; 0; ; ; 0; 2; 1; 1; -1
 1402Ã; 23; 956219; 698672; 956863; 698902; 68; 32768; 32768; 266 - 24; ; ; -1;      0.0;      0.0;   1527.0;      0.0; 0; 744; ; ; 0; 1; 2; 1; -1
 1404Ã; 40; 952128; 698630; 951695; 698527; 68; 32768; 32768; 309 - 25; ; ; -1;      0.0;      0.0;   2501.0;      0.0; 0; 742; ; ; 0; 2; 2; 1; -1
 1407Ó; 14; 948561; 698687; -1; -1; 89; 0; 0; 102 - 25; ; ; -1;    100.0;     41.8;      0.0;      0.0; 743; 0; ; ; 0; 1; 1; 1; -1
 1408; 14; 947631; 698428; -1; -1; 89; 0; 0; 104 - 25; ; ; -1;    201.6;    401.5;      0.0;      0.0; 743; 0; ; ; 0; 1; 1; 1; -1
 1409Ã; 14; 949288; 697630; 949736; 697746; 89; 0; 0; 101 - 24; ; ; -1;    807.9;    244.1;      0.0;      0.0; 743; 0; ; ; 0; 1; 1; 1; -1
 1416; 12Á; 951082; 693838; -1; -1; 68; 32768; 32768; 309 - 24; ; ; -1;      0.0;      0.0;   4474.0;      0.0; 0; 617; ; ; 0; 1; 2; 1; -1
 1418; 12Á; 952399; 694037; -1; -1; 68; 32768; 32768; 305 - 24; ; ; -1;      0.0;      0.0;   1398.0;      0.0; 0; 617; ; ; 0; 1; 2; 1; -1
 1427; 28; 941336; 691977; -1; -1; 73; 0; -1; 278 - 25; ; ; -1;      0.0;      0.0;      0.0;      0.0; 0; 0; ; ; 0; 1; 1; 14; -1
 1428; 28; 941263; 692310; -1; -1; 89; 0; 0; 152 - 24; ; ; -1;     84.8;    278.3;      0.0;      0.0; 744; 0; ; ; 0; 1; 1; 1; -1
 1430Ã; 28; 941940; 691760; 941410; 691628; 89; 0; 0; 215 - 24; ; ; -1;    208.4;   6957.7;      0.0;      0.0; 744; 0; ; ; 0; 1; 1; 1; -1
 1431; 28; 941653; 692687; -1; -1; 73; 0; -1; 316 - 25; ; ; -1;      0.0;      0.0;      0.0;      0.0; 0; 0; ; ; 0; 1; 1; 14; -1
 1434; 28; 942310; 692002; -1; -1; 89; 0; 0; 247 - 24; ; ; -1;      0.0;      0.0;      0.0;      0.0; 0; 0; ; ; 0; 1; 1; 1; -1
 1440Ã; 29; 939697; 692800; 940426; 692991; 89; 0; 0; 92 - 23; ; ; -1;    550.3;    568.8;      0.0;      0.0; 744; 0; ; ; 0; 1; 1; 1; -1
 1441; 31; 939415; 693815; -1; -1; 68; 32768; 32768; 308 - 25; ; ; -1;      0.0;      0.0;   3541.0;      0.0; 0; 720; ; ; 0; 1; 2; 1; -1
 1442; 29; 939139; 692844; -1; -1; 89; 0; 0; 103 - 25; ; ; -1;    480.0;     51.5;      0.0;      0.0; 744; 0; ; ; 0; 1; 1; 1; -1
 1450Ã; 25; 959124; 699042; 958840; 698941; 96; 32768; -1; 330 - 25; ; ; -1;      0.0;      0.0;     19.0;      0.0; 0; 24; ; ; 0; 2; 2; 2; -1
 1451; 23; 957896; 698706; -1; -1; 68; 32768; 32768; 294 - 25; ; ; -1;      0.0;      0.0;      7.0;      0.0; 0; 24; ; ; 0; 1; 2; 1; -1
 1452; 23; 957175; 699381; -1; -1; 89; 0; 0; 145 - 24; ; ; -1;      0.0;      0.0;      0.0;      0.0; 0; 0; ; ; 0; 1; 1; 1; -1
 1453; 23; 957366; 697659; -1; -1; 68; 32768; 32768; 277 - 25; ; ; -1;      0.0;      0.0;    212.0;      0.0; 0; 256; ; ; 0; 2; 2; 1; -1
 1454; 23; 956202; 699139; -1; -1; 89; 0; 0; 116 - 24; ; ; -1;    173.1;     45.3;      0.0;      0.0; 729; 0; ; ; 0; 1; 1; 1; -1
 1455; 23; 956354; 697394; -1; -1; 89; 0; 0; 205 - 24; ; ; -1;     18.7;    517.2;      0.0;      0.0; 744; 0; ; ; 0; 2; 1; 1; -1
 1456; 23; 955921; 698207; -1; -1; 68; 32768; 32768; 247 - 25; ; ; -1;      0.0;      0.0;      0.0;      0.0; 0; 0; ; ; 0; 1; 2; 1; -1
 1502; 8; 947702; 693914; -1; -1; 89; 0; 0; 150 - 23; ; ; -1;     82.5;    263.7;      0.0;      0.0; 744; 0; ; ; 0; 1; 1; 1; -1
 2000; 13; 949901; 695112; -1; -1; 68; 32768; 32768; 374 - 25; ; ; -1;      0.0;      0.0;   1111.0;      0.0; 0; 744; ; ; 0; 2; 2; 1; -1
 2001; 13; 949783; 695601; -1; -1; 225; 32768; -1; 294 - 24; ; ; -1;      0.0;      0.0;      0.0;      0.0; 0; 0; ; ; 0; 2; 2; 16; -1
 2002; 13; 949701; 696113; -1; -1; 43; 32768; -1; ; ; ; -1;      0.0;      0.0;      0.0;      0.0; 0; 0; ; ; 0; 2; 2; 6; -1
 2003; 13; 949570; 696670; -1; -1; 68; 32768; 32768; 335 - 25; ; ; -1;      0.0;      0.0;      0.0;      0.0; 0; 0; ; ; 0; 2; 2; 1; -1
 2004; 13; 949410; 697265; -1; -1; 55; 0; -1; ; ; ; -1;      0.0;      0.0;      0.0;      0.0; 0; 0; ; ; 0; 2; 1; 7; -1
 2004Í; 13; 949717; 697386; -1; -1; 54; 0; -1; ; ; ; -1;      0.0;      0.0;      0.0;      0.0; 0; 0; ; ; 0; 1; 1; 6; -1
 2005; 29; 940186; 692530; -1; -1; 68; 32768; 32768; 305 - 25; ; ; -1;      0.0;      0.0;   1494.0;      0.0; 0; 564; ; ; 0; 2; 2; 1; -1
 2006; 28; 941523; 691239; -1; -1; 89; 0; 0; 212 - 23; ; ; -1;      0.0;      0.0;      0.0;      0.0; 0; 0; ; ; 0; 2; 1; 1; -1
 2007; 33; 933289; 690733; -1; -1; 68; 32768; 32768; 338 - 25; ; ; -1;      0.0;      0.0;   1962.0;      0.0; 0; 744; ; ; 0; 2; 2; 1; -1
 2008; 33; 933463; 689845; -1; -1; 68; 32768; 32768; 308 - 25; ; ; -1;      0.0;      0.0;   1209.0;      0.0; 0; 744; ; ; 0; 2; 2; 1; -1
 2009Ã; 33; 934188; 690026; 933917; 689942; 89; 0; 0; 75 - 25; ; ; -1;    209.2;     35.9;      0.0;      0.0; 744; 0; ; ; 0; 2; 1; 1; -1
 2010; 34; 933576; 691545; -1; -1; 89; 0; 0; 169 - 24; ; ; -1;    432.6;    876.8;      0.0;      0.0; 744; 0; ; ; 0; 2; 1; 1; -1
 2011; 34; 934253; 690985; -1; -1; 39; 32768; -1; 348 - 25; ; ; -1;      0.0;      0.0;      0.0;      0.0; 0; 0; ; ; 0; 2; 2; 9; -1
 2012; 33; 935221; 689380; -1; -1; 68; 32768; 32768; 358 - 25; ; ; -1;      0.0;      0.0;      0.0;      0.0; 0; 0; ; ; 0; 2; 2; 1; -1
 2013; 34; 933865; 692462; -1; -1; 68; 32768; 32768; 293 - 25; ; ; -1;      0.0;      0.0;      0.0;      0.0; 0; 0; ; ; 0; 2; 2; 1; -1
 2014; 34; 934513; 691767; -1; -1; 68; 32768; 32768; 286 - 24; ; ; -1;      0.0;      0.0;    665.0;      0.0; 0; 744; ; ; 0; 2; 2; 1; -1
 2015; 34; 935445; 691992; -1; -1; 68; 32768; 32768; 288 - 24; ; ; -1;      0.0;      0.0;   4229.0;      0.0; 0; 744; ; ; 0; 2; 2; 1; -1
 2016Ã; 33; 934873; 690228; 935157; 690267; 89; 0; 0; ; ; ; -1;    259.8;     46.0;      0.0;      0.0; 744; 0; ; ; 0; 2; 1; 1; -1
 2018Ã; 33; 934750; 691115; 934950; 691169; 68; 32768; 32768; 306 - 25; ; ; -1;      0.0;      0.0;   1671.0;      0.0; 0; 742; ; ; 0; 2; 2; 1; -1
 2019; 34; 935049; 693573; -1; -1; 68; 32768; 32768; 348 - 25; ; ; -1;      0.0;      0.0;      0.0;      0.0; 0; 0; ; ; 0; 2; 2; 1; -1
 2020; 38; 936167; 691375; -1; -1; 68; 32768; 32768; 296 - 24; ; ; -1;      0.0;      0.0;   1416.0;      0.0; 0; 744; ; ; 0; 2; 2; 1; -1
 2021; 34; 935709; 692920; -1; -1; 225; 32768; -1; 256 - 25; ; ; -1;      0.0;      0.0;      0.0;      0.0; 0; 0; ; ; 0; 2; 2; 16; -1
 2022; 34; 935958; 693818; -1; -1; 68; 32768; 32768; 313 - 25; ; ; -1;      0.0;      0.0;    442.0;      0.0; 0; 744; ; ; 0; 2; 2; 1; -1
 2023; 38; 936415; 692223; -1; -1; 68; 32768; 32768; 297 - 24; ; ; -1;      0.0;      0.0;   3108.0;      0.0; 0; 744; ; ; 0; 2; 2; 1; -1
 2024; 34; 936381; 693124; -1; -1; 68; 32768; 32768; 326 - 25; ; ; -1;      0.0;      0.0;   1000.0;      0.0; 0; 744; ; ; 0; 2; 2; 1; -1
 2025; 38; 936992; 691594; -1; -1; 68; 32768; 32768; 284 - 24; ; ; -1;      0.0;      0.0;   1351.0;      0.0; 0; 744; ; ; 0; 2; 2; 1; -1
 2026Ã; 32; 937362; 693757; 937080; 693596; 68; 32768; 32768; 300 - 25; ; ; -1;      0.0;      0.0;      0.0;      0.0; 0; 0; ; ; 0; 2; 2; 1; -1
 2027; 38; 937615; 690952; -1; -1; 68; 32768; 32768; 324 - 25; ; ; -1;      0.0;      0.0;      0.0;      0.0; 0; 0; ; ; 0; 2; 2; 1; -1
 2028; 38; 937303; 692427; -1; -1; 68; 32768; 32768; 307 - 24; ; ; -1;      0.0;      0.0;   2389.0;      0.0; 0; 565; ; ; 0; 2; 2; 1; -1
 2029; 29; 938608; 692983; -1; -1; 89; 0; 0; 114 - 25; ; ; -1;    118.1;    560.9;      0.0;      0.0; 744; 0; ; ; 0; 2; 1; 1; -1
 2030; 38; 937857; 691782; -1; -1; 101; 32768; -1; ; ; ; -1;      0.0;      0.0;      0.0;      0.0; 0; 0; ; ; 0; 2; 2; 7; -1
 2031; 38; 937501; 693243; -1; -1; 74; 32768; -1; 318 - 25; ; ; -1;      0.0;      0.0;      0.0;      0.0; 0; 0; ; ; 0; 2; 2; 14; -1
 2032; 38; 938440; 691146; -1; -1; 68; 32768; 32768; 350 - 25; ; ; -1;      0.0;      0.0;   2252.0;      0.0; 0; 744; ; ; 0; 2; 2; 1; -1
 2033; 32; 938477; 693551; -1; -1; 89; 0; 0; ; ; ; -1;    194.5;     21.5;      0.0;      0.0; 659; 0; ; ; 0; 2; 1; 1; -1
 2034; 32; 937573; 693941; -1; -1; 68; 32768; 32768; 324 - 25; ; ; -1;      0.0;      0.0;   2640.0;      0.0; 0; 744; ; ; 0; 2; 2; 1; -1
 2035Ã; 32; 937871; 694168; 938053; 694302; 89; 0; 0; 139 - 24; ; ; -1;      0.0;      0.0;    882.0;      0.0; 0; 535; ; ; 0; 2; 1; 1; -1
 2036; 33; 935589; 690390; -1; -1; 68; 32768; 32768; 284 - 25; ; ; -1;      0.0;      0.0;      0.0;      0.0; 0; 0; ; ; 0; 2; 2; 1; -1
 2037Ã; 29; 939512; 691361; 939080; 691212; 89; 0; 0; 205 - 25; ; ; -1;     19.4;   1102.7;      0.0;      0.0; 744; 0; ; ; 0; 2; 1; 1; -1
 2038; 29; 939272; 692305; -1; -1; 96; 32768; -1; 292 - 25; ; ; -1;      0.0;      0.0;     28.0;      0.0; 0; 24; ; ; 0; 2; 2; 2; -1
 2039; 32; 937065; 694688; -1; -1; 89; 0; 0; 107 - 24; ; ; -1;    105.7;     21.6;      0.0;      0.0; 744; 0; ; ; 0; 2; 1; 1; -1
 2040; 29; 939923; 691623; -1; -1; 68; 32768; 32768; 314 - 25; ; ; -1;      0.0;      0.0;   1529.0;      0.0; 0; 564; ; ; 0; 2; 2; 1; -1
 2042; 29; 940443; 690714; -1; -1; 68; 32768; 32768; 329 - 25; ; ; -1;      0.0;      0.0;   1900.0;      0.0; 0; 744; ; ; 0; 2; 2; 1; -1
 2043; 31; 939261; 694356; -1; -1; 73; 0; -1; 348 - 25; ; ; -1;      0.0;      0.0;      0.0;      0.0; 0; 0; ; ; 0; 1; 1; 14; -1
 2044; 31; 939546; 693288; -1; -1; 68; 32768; 32768; 330 - 25; ; ; -1;      0.0;      0.0;   2223.0;      0.0; 0; 565; ; ; 0; 2; 2; 1; -1
 2045; 4; 941300; 693613; -1; -1; 55; 0; -1; ; ; ; -1;      0.0;      0.0;      0.0;      0.0; 0; 0; ; ; 0; 2; 1; 7; -1
 2045Í; 4; 941496; 693331; -1; -1; 89; 0; 0; 167 - 25; ; ; -1;     83.8;     82.8;      0.0;      0.0; 744; 0; ; ; 0; 2; 1; 1; -1
 2046; 31; 939778; 694215; -1; -1; 68; 32768; 32768; 318 - 25; ; ; -1;      0.0;      0.0;    515.0;      0.0; 0; 744; ; ; 0; 2; 2; 1; -1
 2047; 31; 939003; 693448; -1; -1; 89; 0; 0; 132 - 24; ; ; -1;    268.5;     68.3;      0.0;      0.0; 744; 0; ; ; 0; 1; 1; 1; -1
 2048; 4; 941599; 694672; -1; -1; 89; 0; 0; 114 - 24; ; ; -1;    135.0;    668.9;      0.0;      0.0; 729; 0; ; ; 0; 2; 1; 1; -1
 2049; 31; 940069; 695158; -1; -1; 68; 32768; 32768; 316 - 25; ; ; -1;      0.0;      0.0;   2223.0;      0.0; 0; 744; ; ; 0; 2; 2; 1; -1
 2050; 31; 940459; 693527; -1; -1; 68; 32768; 32768; 358 - 25; ; ; -1;      0.0;      0.0;      0.0;      0.0; 0; 0; ; ; 0; 2; 2; 1; -1
 2051; 4; 942357; 693903; -1; -1; 55; 0; -1; ; ; ; -1;      0.0;      0.0;      0.0;      0.0; 0; 0; ; ; 0; 2; 1; 7; -1
 2051Í; 4; 941805; 693873; -1; -1; 89; 0; 0; 143 - 24; ; ; -1;    105.4;    156.8;      0.0;      0.0; 744; 0; ; ; 0; 1; 1; 1; -1
 2052; 4; 941852; 695648; -1; -1; 55; 0; -1; ; ; ; -1;      0.0;      0.0;      0.0;      0.0; 0; 0; ; ; 0; 2; 1; 7; -1
 2052Í; 4; 941603; 695651; -1; -1; 89; 0; 0; ; ; ; -1;    207.9;    357.1;      0.0;      0.0; 744; 0; ; ; 0; 2; 1; 1; -1
 2053; 31; 940723; 694436; -1; -1; 68; 32768; 32768; 319 - 25; ; ; -1;      0.0;      0.0;      0.0;      0.0; 0; 0; ; ; 0; 2; 2; 1; -1
 2054; 4; 942590; 694931; -1; -1; 73; 0; -1; 288 - 25; ; ; -1;      0.0;      0.0;      0.0;      0.0; 0; 0; ; ; 0; 2; 1; 14; -1
 2055; 31; 940487; 695497; -1; -1; 55; 0; -1; ; ; ; -1;      0.0;      0.0;      0.0;      0.0; 0; 0; ; ; 0; 1; 1; 7; -1
 2055Ë; 31; 940607; 695665; 940785; 695864; 68; 32768; 32768; 321 - 25; ; ; -1;      0.0;      0.0;   2458.0;      0.0; 0; 744; ; ; 0; 1; 2; 1; -1
 2056; 31; 940980; 695347; -1; -1; 68; 32768; 32768; 337 - 25; ; ; -1;      0.0;      0.0;   1723.0;      0.0; 0; 744; ; ; 0; 2; 2; 1; -1
 2057; 4; 943300; 694214; -1; -1; 117; 0; -1; ; ; ; -1;      0.0;      0.0;      0.0;      0.0; 0; 0; ; ; 0; 2; 1; 16; -1
 2058; 4; 942835; 695956; -1; -1; 89; 0; 0; 234 - 23; ; ; -1;     17.1;    376.0;      0.0;      0.0; 744; 0; ; ; 0; 2; 1; 1; -1
 2059; 31; 941247; 694299; -1; -1; 68; 32768; 32768; 318 - 25; ; ; -1;      0.0;      0.0;    878.0;      0.0; 0; 506; ; ; 0; 2; 2; 1; -1
 2060; 32; 938337; 694556; -1; -1; 68; 32768; 32768; 284 - 24; ; ; -1;      0.0;      0.0;   2052.0;      0.0; 0; 744; ; ; 0; 2; 2; 1; -1
 2062; 28; 942432; 691443; -1; -1; 68; 32768; 32768; 349 - 25; ; ; -1;      0.0;      0.0;      0.0;      0.0; 0; 0; ; ; 0; 2; 2; 1; -1
 2063; 28; 942711; 692379; -1; -1; 68; 32768; 32768; 304 - 25; ; ; -1;      0.0;      0.0;    668.0;      0.0; 0; 602; ; ; 0; 2; 2; 1; -1
 2064Ó; 2; 942035; 696486; -1; -1; 68; 32768; 32768; 352 - 24; ; ; -1;      0.0;      0.0;   2255.0;      0.0; 0; 744; ; ; 0; 2; 2; 1; -1
 2066Ó; 28; 943343; 691696; -1; -1; 225; 32768; -1; 347 - 25; ; ; 172;      0.0;      0.0;      0.0;      0.0; 0; 0; ; ; 0; 2; 2; 16; 5
 2067; 27; 943648; 692634; -1; -1; 68; 32768; 32768; 350 - 25; ; ; -1;      0.0;      0.0;    965.0;      0.0; 0; 744; ; ; 0; 2; 2; 1; -1
 2068; 32; 936287; 694170; -1; -1; 68; 32768; 32768; 324 - 25; ; ; -1;      0.0;      0.0;   2581.0;      0.0; 0; 562; ; ; 0; 2; 2; 1; -1
 2070; 27; 943882; 693532; -1; -1; 68; 32768; 32768; 343 - 25; ; ; -1;      0.0;      0.0;   1151.0;      0.0; 0; 744; ; ; 0; 2; 2; 1; -1
 2071; 12; 950106; 694783; -1; -1; 73; 0; -1; 324 - 25; ; ; -1;      0.0;      0.0;      0.0;      0.0; 0; 0; ; ; 0; 2; 1; 14; -1
 2072; 7; 943782; 694044; -1; -1; 68; 32768; 32768; 344 - 25; ; ; -1;      0.0;      0.0;    902.0;      0.0; 0; 744; ; ; 0; 2; 2; 1; -1
 2073; 28; 942955; 693300; -1; -1; 68; 32768; 32768; 341 - 24; ; ; -1;      0.0;      0.0;      0.0;      0.0; 0; 0; ; ; 0; 2; 2; 1; -1
 2074; 27; 944293; 691945; -1; -1; 68; 32768; 32768; 312 - 25; ; ; -1;      0.0;      0.0;      0.0;      0.0; 0; 0; ; ; 0; 2; 2; 1; -1
 2075; 7; 944817; 693754; -1; -1; 225; 32768; -1; 262 - 25; ; ; -1;      0.0;      0.0;      0.0;      0.0; 0; 0; ; ; 0; 1; 2; 16; -1
 2076; 7; 943366; 695684; -1; -1; 68; 32768; 32768; 354 - 25; ; ; -1;      0.0;      0.0;      0.0;      0.0; 0; 0; ; ; 0; 2; 2; 1; -1
 2079; 7; 944014; 694986; -1; -1; 68; 32768; 32768; 326 - 24; ; ; -1;      0.0;      0.0;   1094.0;      0.0; 0; 744; ; ; 0; 2; 2; 1; -1
 2080; 7; 943654; 696601; -1; -1; 68; 32768; 32768; 304 - 25; ; ; -1;      0.0;      0.0;      0.0;      0.0; 0; 0; ; ; 0; 2; 2; 1; -1
 2081; 27; 944553; 692864; -1; -1; 68; 32768; 32768; 316 - 24; ; ; -1;      0.0;      0.0;   1176.0;      0.0; 0; 563; ; ; 0; 2; 2; 1; -1
 2082Ó; 27; 945207; 692172; -1; -1; 68; 32768; 32768; 329 - 24; ; ; 172;      0.0;      0.0;   4803.0;      0.0; 0; 744; ; ; 0; 2; 2; 1; 5
 2083; 7; 944549; 694826; -1; -1; 96; 32768; -1; 296 - 25; ; ; -1;      0.0;      0.0;     32.0;      0.0; 0; 24; ; ; 0; 2; 2; 2; -1
 2084; 7; 944286; 695901; -1; -1; 55; 0; -1; ; ; ; -1;      0.0;      0.0;      0.0;      0.0; 0; 0; ; ; 0; 2; 1; 7; -1
 2084Í; 7; 944514; 696105; -1; -1; 89; 0; 0; 170 - 25; ; ; -1;     86.2;    664.0;      0.0;      0.0; 744; 0; ; ; 0; 2; 1; 1; -1
 2085Ó; 28; 941778; 692155; -1; -1; 68; 32768; 32768; 359 - 25; ; ; 172;      0.0;      0.0;   1097.0;      0.0; 0; 526; ; ; 0; 2; 2; 1; 5
 2086; 27; 945457; 693080; -1; -1; 68; 32768; 32768; 314 - 25; ; ; -1;      0.0;      0.0;   4640.0;      0.0; 0; 744; ; ; 0; 2; 2; 1; -1
 2087; 7; 944951; 695223; -1; -1; 89; 0; 0; 191 - 24; ; ; -1;     38.3;    592.3;      0.0;      0.0; 744; 0; ; ; 0; 2; 1; 1; -1
 2088; 7; 945058; 696676; -1; -1; 68; 32768; 32768; 324 - 25; ; ; -1;      0.0;      0.0;    866.0;      0.0; 0; 564; ; ; 0; 1; 2; 1; -1
 2089; 7; 944576; 696806; -1; -1; 68; 32768; 32768; 325 - 24; ; ; -1;      0.0;      0.0;   1346.0;      0.0; 0; 744; ; ; 0; 2; 2; 1; -1
 2090Ó; 5; 945942; 692088; -1; -1; 68; 32768; 32768; 327 - 25; ; ; 172;      0.0;      0.0;   1623.0;      0.0; 0; 744; ; ; 0; 2; 2; 1; 5
 2091; 7; 945610; 694528; -1; -1; 54; 0; -1; ; ; ; -1;      0.0;      0.0;      0.0;      0.0; 0; 0; ; ; 0; 2; 1; 6; -1
 2092; 7; 945338; 695600; -1; -1; 68; 32768; 32768; 336 - 25; ; ; -1;      0.0;      0.0;   1997.0;      0.0; 0; 564; ; ; 0; 2; 2; 1; -1
 2094; 7; 946000; 694910; -1; -1; 68; 32768; 32768; 346 - 24; ; ; -1;      0.0;      0.0;    817.0;      0.0; 0; 744; ; ; 0; 1; 2; 1; -1
 2095; 7; 945736; 695969; -1; -1; 89; 0; 0; 149 - 24; ; ; -1;      0.0;      0.0;      0.0;      0.0; 0; 0; ; ; 0; 2; 1; 1; -1
 2097; 8; 946387; 695294; -1; -1; 117; 0; -1; 290 - 25; ; ; -1;      0.0;      0.0;      0.0;      0.0; 0; 0; ; ; 0; 2; 1; 16; -1
 2098; 10; 946142; 696363; -1; -1; 89; 0; 0; 134 - 24; ; ; -1;     27.5;    348.3;      0.0;      0.0; 744; 0; ; ; 0; 2; 1; 1; -1
 2099; 6; 945938; 698139; -1; -1; 68; 32768; 32768; 312 - 25; ; ; -1;      0.0;      0.0;   1222.0;      0.0; 0; 206; ; ; 0; 2; 2; 1; -1
 2101; 8; 947062; 694612; -1; -1; 117; 0; -1; 152 - 24; ; ; -1;      0.0;      0.0;      0.0;      0.0; 0; 0; ; ; 0; 1; 1; 16; -1
 2102; 5; 946902; 694158; -1; -1; 68; 32768; 32768; 300 - 25; ; ; -1;      0.0;      0.0;      0.0;      0.0; 0; 0; ; ; 0; 2; 2; 1; -1
 2103; 10; 946529; 696759; -1; -1; 39; 32768; -1; 339 - 25; ; ; -1;      0.0;      0.0;      0.0;      0.0; 0; 0; ; ; 0; 2; 2; 9; -1
 2104; 8; 946797; 695678; -1; -1; 22; 8421504; -1; ; ; ; 60;      0.0;      0.0;      0.0;      0.0; 0; 0; ; ; 0; 2; 1; 14; 2
 2105; 10; 947573; 696442; -1; -1; 117; 0; -1; 319 - 25; ; ; -1;      0.0;      0.0;      0.0;      0.0; 0; 0; ; ; 0; 1; 1; 16; -1
 2106Ó; 10; 946925; 697133; -1; -1; 68; 32768; 32768; 334 - 25; ; ; -1;      0.0;      0.0;   1949.0;      0.0; 0; 744; ; ; 0; 1; 2; 1; -1
 2107; 8; 947206; 696065; -1; -1; 68; 32768; 32768; 339 - 25; ; ; -1;      0.0;      0.0;   3446.0;      0.0; 0; 744; ; ; 0; 2; 2; 1; -1
 2108; 10; 947321; 697504; -1; -1; 73; 0; -1; 356 - 24; ; ; -1;      0.0;      0.0;      0.0;      0.0; 0; 0; ; ; 0; 1; 1; 14; -1
 2109; 8; 947857; 695370; -1; -1; 68; 32768; 32768; 338 - 25; ; ; -1;      0.0;      0.0;      0.0;      0.0; 0; 0; ; ; 0; 2; 2; 1; -1
 2110; 8; 947909; 696831; -1; -1; 68; 32768; 32768; 306 - 25; ; ; -1;      0.0;      0.0;   1846.0;      0.0; 0; 542; ; ; 0; 1; 2; 1; -1
 2111Ó; 5; 946825; 692303; -1; -1; 89; 0; 0; 285 - 25; ; ; 172;    240.5;     27.8;      0.0;      0.0; 744; 0; ; ; 0; 2; 1; 1; 5
 2112; 8; 948243; 695749; -1; -1; 55; 0; -1; ; ; ; -1;      0.0;      0.0;      0.0;      0.0; 0; 0; ; ; 0; 1; 1; 7; -1
 2112Í; 8; 948028; 695843; -1; -1; 73; 0; -1; 236 - 25; ; ; -1;      0.0;      0.0;      0.0;      0.0; 0; 0; ; ; 0; 1; 1; 14; -1
 2113; 10; 947723; 697890; -1; -1; 68; 32768; 32768; 324 - 25; ; ; -1;      0.0;      0.0;    990.0;      0.0; 0; 744; ; ; 0; 2; 2; 1; -1
 2114; 8; 948541; 696065; -1; -1; 89; 0; 0; 91 - 24; ; ; -1;      0.0;      0.0;      0.0;      0.0; 0; 0; ; ; 0; 1; 1; 1; -1
 2115; 10; 948373; 697190; -1; -1; 89; 0; 0; 101 - 24; ; ; -1;    325.7;    161.6;      0.0;      0.0; 744; 0; ; ; 0; 2; 1; 1; -1
 2116; 14; 948667; 698134; -1; -1; 68; 32768; 32768; 334 - 25; ; ; -1;      0.0;      0.0;   4186.0;      0.0; 0; 744; ; ; 0; 2; 2; 1; -1
 2117Ã; 5; 946220; 693072; 946526; 693151; 68; 32768; 32768; 317 - 24; ; ; -1;      0.0;      0.0;   3157.0;      0.0; 0; 659; ; ; 0; 2; 2; 1; -1
 2118Ã; 5; 946047; 693949; 946351; 694029; 68; 32768; 32768; 379 - 25; ; ; -1;      0.0;      0.0;   2357.0;      0.0; 0; 563; ; ; 0; 2; 2; 1; -1
 2122; 14; 949553; 698336; -1; -1; 68; 32768; 32768; 306 - 24; ; ; -1;      0.0;      0.0;   1251.0;      0.0; 0; 542; ; ; 0; 2; 2; 1; -1
 2123; 21; 955408; 696908; -1; -1; 43; 32768; -1; ; ; ; -1;      0.0;      0.0;      0.0;      0.0; 0; 0; ; ; 0; 2; 2; 6; -1
 2127Ã; 33; 935331; 691263; 935601; 691328; 89; 0; 0; ; ; ; -1;    198.3;     45.5;      0.0;      0.0; 655; 0; ; ; 0; 2; 1; 1; -1
 2128Ã; 18; 953794; 696743; 954183; 696792; 117; 0; -1; 215 - 25; ; ; -1;      0.0;      0.0;      0.0;      0.0; 0; 0; ; ; 0; 2; 1; 16; -1
 2129Ó; 17; 950492; 698581; -1; -1; 68; 32768; 32768; 302 - 25; ; ; -1;      0.0;      0.0;      0.0;      0.0; 0; 0; ; ; 0; 2; 2; 1; -1
 2132Ó; 17; 951235; 697280; -1; -1; 68; 32768; 32768; 293 - 25; ; ; -1;      0.0;      0.0;   1974.0;      0.0; 0; 744; ; ; 0; 2; 2; 1; 6
 2139; 25; 958806; 697096; -1; -1; 54; 0; -1; ; ; ; -1;      0.0;      0.0;      0.0;      0.0; 0; 0; ; ; 0; 2; 1; 6; -1
 2141; 28; 942051; 693074; -1; -1; 225; 32768; -1; 309 - 25; ; ; -1;      0.0;      0.0;      0.0;      0.0; 0; 0; ; ; 0; 2; 2; 16; -1
 2142Ó; 12Á; 952560; 694560; -1; -1; 89; 0; 0; 177 - 23; ; ; -1;      7.0;    315.0;      0.0;      0.0; 338; 0; ; ; 0; 2; 1; 1; -1
 2143Ã; 25; 960230; 698410; 960566; 698495; 89; 0; 0; 170 - 25; ; ; -1;     44.6;   1163.3;      0.0;      0.0; 744; 0; ; ; 0; 2; 1; 1; -1
 2144Ã; 33; 935931; 690480; 936217; 690546; 89; 0; 0; ; ; ; -1;     66.6;     26.1;      0.0;      0.0; 744; 0; ; ; 0; 2; 1; 1; -1
 2145Ã; 25; 960044; 699280; 960346; 699372; 68; 32768; 32768; 311 - 25; ; ; -1;      0.0;      0.0;   1698.0;      0.0; 0; 744; ; ; 0; 2; 2; 1; -1
 2146Ã; 12Á; 951699; 694301; 952069; 694433; 89; 0; 0; 208 - 23; ; ; -1;    841.1;   1204.7;      0.0;      0.0; 743; 0; ; ; 0; 2; 1; 1; -1
 2149; 17; 950634; 699622; -1; -1; 68; 32768; 32768; 316 - 25; ; ; -1;      0.0;      0.0;   2029.0;      0.0; 0; 744; ; ; 0; 2; 2; 1; -1
 2150Ã; 18; 953630; 697565; 953972; 697714; 68; 32768; 32768; 278 - 25; ; ; -1;      0.0;      0.0;   1858.0;      0.0; 0; 744; ; ; 0; 2; 2; 1; -1
 2153Ó; 18; 954656; 696939; -1; -1; 58; 8421504; -1; ; ; ; -1;      0.0;      0.0;      0.0;      0.0; 0; 0; ; ; 0; 2; -1; -1; -1
 2154Ó; 18; 953431; 696628; -1; -1; 68; 32768; 32768; 270 - 25; ; ; 172;      0.0;      0.0;   2983.0;      0.0; 0; 744; ; ; 0; 2; 2; 1; 5
 2155Ó; 20; 954187; 698678; -1; -1; 89; 0; 0; 141 - 24; ; ; -1;     20.9;   1636.4;      0.0;      0.0; 744; 0; ; ; 0; 2; 1; 1; -1
 2156; 25; 958399; 698854; -1; -1; 68; 32768; 32768; 334 - 25; ; ; -1;      0.0;      0.0;   2582.0;      0.0; 0; 744; ; ; 0; 2; 2; 1; -1
 2157Ã; 18; 954056; 695858; 954456; 695950; 68; 32768; 32768; 278 - 25; ; ; -1;      0.0;      0.0;      0.0;      0.0; 0; 0; ; ; 0; 2; 2; 1; -1
 2158Ó; 18; 954418; 697799; -1; -1; 68; 32768; 32768; 329 - 25; ; ; 172;      0.0;      0.0;   1281.0;      0.0; 0; 744; ; ; 0; 2; 2; 1; 5
 2161Ó; 20; 955445; 698992; -1; -1; 68; 32768; 32768; 267 - 25; ; ; 172;      0.0;      0.0;   1451.0;      0.0; 0; 744; ; ; 0; 2; 2; 1; 5
 2165; 20; 954558; 698789; -1; -1; 89; 0; 0; 192 - 24; ; ; -1;    220.6;    310.0;      0.0;      0.0; 744; 0; ; ; 0; 2; 1; 1; -1
 2166; 23; 955423; 698084; -1; -1; 54; 0; -1; 241 - 24; ; ; -1;      0.0;      0.0;      0.0;      0.0; 0; 0; ; ; 0; 2; 1; 6; -1
 2167; 23; 956839; 697498; -1; -1; 68; 32768; 32768; 265 - 25; ; ; -1;      0.0;      0.0;   3201.0;      0.0; 0; 744; ; ; 0; 1; 2; 1; -1
 2168; 23; 955790; 699029; -1; -1; 68; 32768; 32768; 278 - 25; ; ; -1;      0.0;      0.0;      0.0;      0.0; 0; 0; ; ; 0; 2; 2; 1; -1
 2169; 33; 934522; 690117; -1; -1; 89; 0; 0; ; ; ; -1;    219.9;     34.6;      0.0;      0.0; 744; 0; ; ; 0; 2; 1; 1; -1
 2170; 23; 956412; 698322; -1; -1; 68; 32768; 32768; 292 - 25; ; ; -1;      0.0;      0.0;      0.0;      0.0; 0; 0; ; ; 0; 2; 2; 1; -1
 2172Ã; 22; 956181; 700084; 955852; 700006; 68; 32768; 32768; 246 - 25; ; ; -1;      0.0;      0.0;   1621.0;      0.0; 0; 744; ; ; 0; 2; 2; 1; -1
 2174; 23; 956693; 699254; -1; -1; 89; 0; 0; 110 - 24; ; ; -1;    202.6;    555.1;      0.0;      0.0; 744; 0; ; ; 0; 2; 1; 1; -1
 2176; 22; 956550; 700203; -1; -1; 68; 32768; 32768; 282 - 25; ; ; -1;      0.0;      0.0;    969.0;      0.0; 0; 744; ; ; 0; 2; 2; 1; -1
 2177; 23; 957736; 697754; -1; -1; 89; 0; 0; 108 - 24; ; ; -1;    435.0;    680.0;      0.0;      0.0; 744; 0; ; ; 0; 1; 1; 1; -1
 2178Ó; 20; 954030; 699552; -1; -1; 89; 0; 0; ; ; ; 172;    106.7;   2305.7;      0.0;      0.0; 744; 0; ; ; 0; 2; 1; 1; 5
 2179Ã; 22; 957000; 700324; 957310; 700390; 68; 32768; 32768; 267 - 25; ; ; -1;      0.0;      0.0;   1515.0;      0.0; 0; 744; ; ; 0; 2; 2; 1; -1
 2180; 23; 957346; 698574; -1; -1; 68; 32768; 32768; 278 - 25; ; ; -1;      0.0;      0.0;      0.0;      0.0; 0; 0; ; ; 0; 2; 2; 1; -1
 2181; 23; 957611; 699495; -1; -1; 225; 32768; -1; 340 - 25; ; ; -1;      0.0;      0.0;      0.0;      0.0; 0; 0; ; ; 0; 1; 2; 16; -1
 2183; 23; 958126; 697859; -1; -1; 68; 32768; 32768; 234 - 25; ; ; -1;      0.0;      0.0;     23.0;      0.0; 0; 24; ; ; 0; 1; 2; 1; -1
 2185Ó; 40; 952979; 698381; -1; -1; 89; 0; 0; 178 - 23; ; ; -1;    138.9;   1379.7;      0.0;      0.0; 744; 0; ; ; 0; 2; 1; 1; -1
 2186; 24; 959495; 700071; -1; -1; 89; 0; 0; 144 - 24; ; ; -1;    294.5;   1037.2;      0.0;      0.0; 744; 0; ; ; 0; 2; 1; 1; -1
 2187; 24; 959120; 700067; -1; -1; 89; 0; 0; 164 - 25; ; ; -1;    250.6;   1324.5;      0.0;      0.0; 744; 0; ; ; 0; 2; 1; 1; -1
 2189; 25; 958608; 698000; -1; -1; 68; 32768; 32768; 310 - 25; ; ; -1;      0.0;      0.0;      0.0;      0.0; 0; 0; ; ; 0; 2; 2; 1; -1
 2190; 25; 958111; 699708; -1; -1; 89; 0; 0; 128 - 24; ; ; -1;     31.4;    166.4;      0.0;      0.0; 501; 0; ; ; 0; 2; 1; 1; -1
 2191; 24; 958819; 700869; -1; -1; 68; 32768; 32768; 257 - 24; ; ; -1;      0.0;      0.0;   2399.0;      0.0; 0; 744; ; ; 0; 2; 2; 1; -1
 2192Ã; 25; 959381; 698193; 959087; 698120; 68; 32768; 32768; 305 - 25; ; ; -1;      0.0;      0.0;   1973.0;      0.0; 0; 744; ; ; 0; 2; 2; 1; -1
 2193; 25; 959831; 698303; -1; -1; 68; 32768; 32768; 315 - 25; ; ; -1;      0.0;      0.0;   2921.0;      0.0; 0; 744; ; ; 0; 2; 2; 1; -1
 2195Ã; 24; 959796; 700214; 960116; 700185; 225; 32768; -1; 228 - 24; ; ; -1;      0.0;      0.0;      0.0;      0.0; 0; 0; ; ; 0; 2; 2; 16; -1
 2196; 20; 953741; 698586; -1; -1; 68; 32768; 32768; 278 - 25; ; ; -1;      0.0;      0.0;   1492.0;      0.0; 0; 744; ; ; 0; 2; 2; 1; -1
 2198; 24; 959789; 701091; -1; -1; 68; 32768; 32768; 305 - 25; ; ; -1;      0.0;      0.0;    576.0;      0.0; 0; 744; ; ; 0; 2; 2; 1; -1
 2199Ó; 40; 952753; 699247; -1; -1; 89; 0; 0; ; ; ; 172;     44.6;   1973.0;      0.0;      0.0; 744; 0; ; ; 0; 2; 1; 1; 5
 2201; 24; 960385; 701241; -1; -1; 68; 32768; 32768; 262 - 25; ; ; -1;      0.0;      0.0;      0.0;      0.0; 0; 0; ; ; 0; 2; 2; 1; -1
 2202; 24; 959195; 700949; -1; -1; 89; 0; 0; 127 - 25; ; ; -1;      0.0;      0.0;      0.0;      0.0; 0; 0; ; ; 0; 2; 1; 1; -1
 2203; 24; 960612; 700374; -1; -1; 89; 0; 0; 160 - 23; ; ; -1;    316.0;   1452.7;      0.0;      0.0; 743; 0; ; ; 0; 2; 1; 1; -1
 2204; 40; 952114; 699076; -1; -1; 68; 32768; 32768; 309 - 25; ; ; -1;      0.0;      0.0;   3181.0;      0.0; 0; 744; ; ; 0; 2; 2; 1; -1
 2206Ã; 40; 952113; 698126; 952474; 698245; 89; 0; 0; 208 - 24; ; ; -1;      0.0;      0.0;   1005.0;      0.0; 0; 601; ; ; 0; 1; 1; 1; -1
 2207Ã; 18; 952866; 697497; 952450; 697319; 68; 32768; 32768; 309 - 25; ; ; -1;      0.0;      0.0;   1000.0;      0.0; 0; 744; ; ; 0; 2; 2; 1; -1
 2208; 28; 941124; 692840; -1; -1; 68; 32768; 32768; 349 - 25; ; ; -1;      0.0;      0.0;   3559.0;      0.0; 0; 602; ; ; 0; 2; 2; 1; -1
 2210; 25; 959592; 699183; -1; -1; 89; 0; 0; 161 - 24; ; ; -1;    301.0;    940.3;      0.0;      0.0; 744; 0; ; ; 0; 2; 1; 1; -1
 2212; 8; 948111; 694308; -1; -1; 68; 32768; 32768; 309 - 25; ; ; -1;      0.0;      0.0;   1541.0;      0.0; 0; 744; ; ; 0; 1; 2; 1; -1
 2214; 7; 945224; 694142; -1; -1; 55; 0; -1; ; ; ; -1;      0.0;      0.0;      0.0;      0.0; 0; 0; ; ; 0; 1; 1; 7; -1
 2214Ë; 7; 945228; 693956; 945132; 693659; 117; 0; -1; ; ; ; -1;      0.0;      0.0;      0.0;      0.0; 0; 0; ; ; 0; 1; 1; 16; -1
 2215; 29; 940854; 691839; -1; -1; 225; 32768; -1; 268 - 22; ; ; -1;      0.0;      0.0;      0.0;      0.0; 0; 0; ; ; 0; 2; 2; 16; -1
 2216; 29; 940647; 692655; -1; -1; 68; 32768; 32768; 304 - 25; ; ; -1;      0.0;      0.0;   2060.0;      0.0; 0; 744; ; ; 0; 2; 2; 1; -1
 2217; 29; 939802; 692438; -1; -1; 68; 32768; 32768; 311 - 25; ; ; -1;      0.0;      0.0;    210.0;      0.0; 0; 744; ; ; 0; 2; 2; 1; -1
 2218; 14; 947936; 698581; -1; -1; 101; 32768; -1; ; ; ; -1;      0.0;      0.0;      0.0;      0.0; 0; 0; ; ; 0; 2; 2; 7; -1
 2219; 14; 948917; 699036; -1; -1; 96; 32768; -1; 333 - 25; ; ; -1;      0.0;      0.0;     46.0;      0.0; 0; 24; ; ; 0; 2; 2; 2; -1
 2220; 17; 950834; 697326; -1; -1; 89; 0; 0; 202 - 24; ; ; 172;     68.9;    269.7;      0.0;      0.0; 559; 0; ; ; 0; 2; 1; 1; 5
 2221Ó; 12Á; 951308; 694234; -1; -1; 68; 32768; 32768; 313 - 24; ; ; -1;      0.0;      0.0;   2099.0;      0.0; 0; 617; ; ; 0; 2; 2; 1; -1
 2224; 14; 950232; 697673; -1; -1; 68; 32768; 32768; 306 - 24; ; ; -1;      0.0;      0.0;    313.0;      0.0; 0; 744; ; ; 0; 2; 2; 1; -1
 2225Ó; 17; 951415; 698812; -1; -1; 68; 32768; 32768; 301 - 25; ; ; 172;      0.0;      0.0;      0.0;      0.0; 0; 0; ; ; 0; 2; 2; 1; 5
 2226Ó; 17; 951813; 697212; -1; -1; 68; 32768; 32768; 271 - 24; ; ; 172;      0.0;      0.0;   2529.0;      0.0; 0; 744; ; ; 0; 2; 2; 1; 5
 2228; 1Á; 952906; 695593; -1; -1; 68; 32768; 32768; 263 - 25; ; ; -1;      0.0;      0.0;   1303.0;      0.0; 0; 744; ; ; 0; 2; 2; 1; -1
 2229; 1Á; 952355; 695486; -1; -1; 68; 32768; 32768; 268 - 25; ; ; -1;      0.0;      0.0;   2306.0;      0.0; 0; 744; ; ; 0; 2; 2; 1; -1
 2231Ó; 18; 953205; 697505; -1; -1; 58; 8421504; -1; ; ; ; -1;      0.0;      0.0;      0.0;      0.0; 0; 0; ; ; 0; 2; -1; -1; -1
 2236; 31; 939507; 695265; -1; -1; 89; 0; 0; 233 - 24; ; ; -1;    128.5;    103.3;      0.0;      0.0; 744; 0; ; ; 0; 1; 1; 1; -1
 2240Ã; 12Á; 950884; 694147; 950599; 694039; 89; 0; 0; 250 - 25; ; ; -1;    200.2;   3343.9;      0.0;      0.0; 744; 0; ; ; 0; 2; 1; 1; -1
 2241Ó; 12Á; 951073; 695097; -1; -1; 89; 0; 0; 134 - 24; ; ; -1;    170.5;   1104.7;      0.0;      0.0; 744; 0; ; ; 0; 2; 1; 1; -1
 2249Ã; 6; 945469; 698018; 945739; 698097; 117; 0; -1; 224 - 23; ; ; -1;      0.0;      0.0;      0.0;      0.0; 0; 0; ; ; 0; 2; 1; 16; -1
 2250Ó; 17; 951216; 697961; -1; -1; 68; 32768; 32768; 308 - 24; ; ; -1;      0.0;      0.0;      0.0;      0.0; 0; 0; ; ; 0; 2; 2; 1; 6
 2251; 6; 945040; 697954; -1; -1; 68; 32768; 32768; 314 - 25; ; ; -1;      0.0;      0.0;     93.0;      0.0; 0; 206; ; ; 0; 2; 2; 1; -1
 2252Ã; 6; 944749; 697889; 944441; 697761; 89; 0; 0; 222 - 24; ; ; -1;      0.0;      0.0;      0.0;      0.0; 0; 0; ; ; 0; 2; 1; 1; -1
 2258Ó; 6; 944870; 698794; -1; -1; 89; 0; 0; 96 - 24; ; ; -1;     63.1;     33.7;      0.0;      0.0; 744; 0; ; ; 0; 2; 1; 1; -1
 2300Ã; 1Á; 952538; 696393; 952925; 696519; 89; 0; 0; 185 - 23; ; ; -1;    418.8;    410.6;      0.0;      0.0; 744; 0; ; ; 0; 2; 1; 1; -1
 2301Ó; 1Á; 952180; 696320; -1; -1; 68; 32768; 32768; 273 - 25; ; ; -1;      0.0;      0.0;   2031.0;      0.0; 0; 744; ; ; 0; 2; 2; 1; -1
 2302Ã; 1Á; 951647; 696177; 951359; 696101; 68; 32768; 32768; 309 - 25; ; ; -1;      0.0;      0.0;   1070.0;      0.0; 0; 744; ; ; 0; 2; 2; 1; -1
 2303Ã; 1Á; 951903; 695319; 951581; 695210; 89; 0; 0; 113 - 24; ; ; -1;    484.2;    320.8;      0.0;      0.0; 741; 0; ; ; 0; 2; 1; 1; -1
 3001; 1; 952693; 695383; -1; -1; 54; 0; -1; ; ; ; 172;      0.0;      0.0;      0.0;      0.0; 0; 0; ; ; 0; 1; 1; 6; 5
 3003; 1; 953033; 695772; -1; -1; 22; 8421504; -1; ; ; ; 60;      0.0;      0.0;      0.0;      0.0; 0; 0; ; ; 0; 1; 1; 14; 2
 3005; 1; 953454; 695628; -1; -1; 22; 8421504; -1; ; ; ; 61;      0.0;      0.0;      0.0;      0.0; 0; 0; ; ; 0; 1; 1; 6; 3
 3101; 31; 940721; 696408; -1; -1; 73; 0; -1; 308 - 25; ; ; -1;      0.0;      0.0;      0.0;      0.0; 0; 0; ; ; 0; 1; 1; 14; -1
 3101Á; 31; 940718; 696337; -1; -1; 68; 32768; 32768; 313 - 25; ; ; -1;      0.0;      0.0;   1876.0;      0.0; 0; 744; ; ; 0; 1; 2; 1; -1
 3102; 31; 940197; 696567; -1; -1; 73; 0; -1; 319 - 25; ; ; -1;      0.0;      0.0;      0.0;      0.0; 0; 0; ; ; 0; 1; 1; 14; -1
 3103; 31; 939417; 695825; -1; -1; 68; 32768; 32768; 346 - 25; ; ; -1;      0.0;      0.0;      0.0;      0.0; 0; 0; ; ; 0; 2; 2; 1; -1
 3104; 31; 939001; 695437; -1; -1; 89; 0; 0; 210 - 24; ; ; -1;      0.5;    262.0;      0.0;      0.0; 744; 0; ; ; 0; 1; 1; 1; -1
 3105Ó; 31; 938622; 695065; -1; -1; 89; 0; 0; 313 - 24; ; ; -1;      0.0;      0.0;      0.0;      0.0; 0; 0; ; ; 0; 1; 1; 1; -1
 3106; 32; 937858; 695244; -1; -1; 68; 32768; 32768; 306 - 24; ; ; -1;      0.0;      0.0;    679.0;      0.0; 0; 744; ; ; 0; 2; 2; 1; -1
 3107; 31; 938858; 695979; -1; -1; 225; 32768; -1; 348 - 25; ; ; -1;      0.0;      0.0;      0.0;      0.0; 0; 0; ; ; 0; 1; 2; 16; -1
 3109; 31; 939656; 696733; -1; -1; 74; 32768; -1; 320 - 25; ; ; -1;      0.0;      0.0;      0.0;      0.0; 0; 0; ; ; 0; 2; 2; 14; -1
 3500; 10; 946269; 697821; -1; -1; 89; 0; 0; 200 - 24; ; ; -1;      3.3;    357.9;      0.0;      0.0; 744; 0; ; ; 0; 1; 1; 1; -1
 3501; 10; 946827; 697596; -1; -1; 68; 32768; 32768; 320 - 25; ; ; -1;      0.0;      0.0;   1316.0;      0.0; 0; 744; ; ; 0; 2; 2; 1; -1
 3502; 10; 947199; 698041; -1; -1; 89; 0; 0; 129 - 23; ; ; -1;      0.0;      0.0;    110.0;      0.0; 0; 72; ; ; 0; 1; 1; 1; -1
 3502; 10; 947203; 698019; 947007; 698100; 22; 8421504; -1; ; ; ; -1;      0.0;      0.0;      0.0;      0.0; 0; 0; ; ; 0; -1; -1; -1; -1
 4001; 14; 949004; 697305; -1; -1; 68; 32768; 32768; 346 - 24; ; ; 172;      0.0;      0.0;    744.0;      0.0; 0; 744; ; ; 0; 1; 2; 1; 5
