    1Ð; 0;      0.0;      0.0;      0.0;      0.0; 0; 0; 8; 6; -1; 8; FALSE; FALSE; 162; 0; -1; 162; 0; -1; -1; 
    2Ð; 0;     10.0;    486.9;      0.0;      0.0; 744; 0; 1; 1; -1; 2; FALSE; FALSE; 89; 0; 0; 89; 0; 0; -1; 
    3Ð; 0;    182.8;    341.2;      0.0;      0.0; 744; 0; 1; 1; -1; 8; FALSE; FALSE; 89; 0; 0; 89; 0; 0; -1; 
    5Ð; 0;      0.0;      0.0;      0.0;      0.0; 0; 0; 8; 16; 2; 8; TRUE; TRUE; 34; 0; -1; 34; 0; -1; 60; 
    7Ð; 0;      0.0;      0.0;      0.0;      0.0; 0; 0; 8; 0; -1; 8; FALSE; FALSE; 36; 0; -1; 36; 0; -1; -1; 
   45Ð; 0;      0.0;      0.0;      0.0;      0.0; 0; 0; 8; 0; -1; 8; FALSE; FALSE; 36; 0; -1; 36; 0; -1; -1; 
   66Ï; 0;      0.0;      0.0;      0.0;      0.0; 0; 0; 8; 0; -1; -1; FALSE; FALSE; 36; 0; -1; 36; 0; -1; -1; 
   85Ð; 0;      0.0;      0.0;      0.0;      0.0; 0; 0; 8; 0; -1; 8; FALSE; FALSE; 36; 0; -1; 36; 0; -1; -1; 
   90Ð; 0;      0.0;      0.0;      0.0;      0.0; 0; 0; 8; 0; -1; -1; FALSE; FALSE; 36; 0; -1; 36; 0; -1; -1; 
   92Ð; 0;      0.0;      0.0;      0.0;      0.0; 0; 0; 8; 0; -1; 8; FALSE; FALSE; 36; 0; -1; 36; 0; -1; -1; 
   94Ï; 0;      0.0;      0.0;      0.0;      0.0; 0; 0; 8; 0; -1; 8; FALSE; FALSE; 36; 0; -1; 36; 0; -1; -1; 
   97Ð; 0;      0.0;      0.0;      0.0;      0.0; 0; 0; 8; 0; -1; 8; FALSE; FALSE; 36; 0; -1; 36; 0; -1; -1; 
   98Ð; 0;      0.0;      0.0;      0.0;      0.0; 0; 0; 8; 0; -1; 8; FALSE; FALSE; 36; 0; -1; 36; 0; -1; -1; 
  100Ï; 0;      0.0;      0.0;      0.0;      0.0; 0; 0; 8; 0; -1; -1; FALSE; FALSE; 36; 0; -1; 36; 0; -1; -1; 
  102Ð; 0;      0.0;      0.0;      0.0;      0.0; 0; 0; 8; 0; -1; -1; FALSE; FALSE; 36; 0; -1; 36; 0; -1; -1; 
  104Ð; 0;      0.0;      0.0;      0.0;      0.0; 0; 0; 8; 0; -1; -1; FALSE; FALSE; 36; 0; -1; 36; 0; -1; -1; 
  105Ï; 0;      0.0;      0.0;      0.0;      0.0; 0; 0; 8; 0; -1; -1; FALSE; FALSE; 36; 0; -1; 36; 0; -1; -1; 
  113Ð; 0;      0.0;      0.0;      0.0;      0.0; 0; 0; 8; 0; -1; -1; FALSE; FALSE; 36; 0; -1; 36; 0; -1; -1; 
  116Ð; 0;      0.0;      0.0;      0.0;      0.0; 0; 0; 8; 0; -1; 8; FALSE; FALSE; 36; 0; -1; 36; 0; -1; -1; 
  118Ð; 0;      0.0;      0.0;      0.0;      0.0; 0; 0; 8; 0; -1; 8; FALSE; FALSE; 36; 0; -1; 36; 0; -1; -1; 
  150Ð; 0;      0.0;      0.0;      0.0;      0.0; 0; 0; 8; 0; -1; -1; FALSE; FALSE; 36; 0; -1; 36; 0; -1; -1; 
  151Ð; 0;      0.0;      0.0;      0.0;      0.0; 0; 0; 8; 0; -1; -1; FALSE; FALSE; 36; 0; -1; 36; 0; -1; -1; 
  152Ð; 0;      0.0;      0.0;      0.0;      0.0; 0; 0; 8; 0; -1; -1; FALSE; FALSE; 36; 0; -1; 36; 0; -1; -1; 
  153Ð; 0;      0.0;      0.0;      0.0;      0.0; 0; 0; 8; 0; -1; -1; FALSE; FALSE; 36; 0; -1; 36; 0; -1; -1; 
  154Ð; 0;      0.0;      0.0;      0.0;      0.0; 0; 0; 8; 0; -1; -1; FALSE; FALSE; 36; 0; -1; 36; 0; -1; -1; 
  155Ð; 0;      0.0;      0.0;      0.0;      0.0; 0; 0; 8; 0; -1; 8; FALSE; FALSE; 36; 0; -1; 36; 0; -1; -1; 
  157Ð; 0;      0.0;      0.0;      0.0;      0.0; 0; 0; 8; 0; -1; -1; FALSE; FALSE; 36; 0; -1; 36; 0; -1; -1; 
  158Ð; 0;      0.0;      0.0;      0.0;      0.0; 0; 0; 8; 0; -1; -1; FALSE; FALSE; 36; 0; -1; 36; 0; -1; -1; 
  159Ð; 0;      0.0;      0.0;      0.0;      0.0; 0; 0; 8; 0; -1; 8; FALSE; FALSE; 36; 0; -1; 36; 0; -1; -1; 
  160Ð; 0;      0.0;      0.0;      0.0;      0.0; 0; 0; 8; 0; -1; -1; FALSE; FALSE; 36; 0; -1; 36; 0; -1; -1; 
  161Ï; 0;      0.0;      0.0;      0.0;      0.0; 0; 0; 8; 0; -1; 8; FALSE; FALSE; 36; 0; -1; 36; 0; -1; -1; 
  162Ð; 0;      0.0;      0.0;      0.0;      0.0; 0; 0; 8; 0; -1; -1; FALSE; FALSE; 36; 0; -1; 36; 0; -1; -1; 
  163Ð; 0;      0.0;      0.0;      0.0;      0.0; 0; 0; 8; 0; -1; -1; FALSE; FALSE; 36; 0; -1; 36; 0; -1; -1; 
  164Ð; 0;      0.0;      0.0;      0.0;      0.0; 0; 0; 8; 0; -1; -1; FALSE; FALSE; 36; 0; -1; 36; 0; -1; -1; 
  165Ï; 0;      0.0;      0.0;      0.0;      0.0; 0; 0; 8; 0; -1; 8; FALSE; FALSE; 36; 0; -1; 36; 0; -1; -1; 
  166Ð; 0;      0.0;      0.0;      0.0;      0.0; 0; 0; 8; 0; -1; -1; FALSE; FALSE; 36; 0; -1; 36; 0; -1; -1; 
  167Ð; 0;      0.0;      0.0;      0.0;      0.0; 0; 0; 8; 0; -1; -1; FALSE; FALSE; 36; 0; -1; 36; 0; -1; -1; 
  168Ð; 0;      0.0;      0.0;      0.0;      0.0; 0; 0; 8; 0; -1; -1; FALSE; FALSE; 36; 0; -1; 36; 0; -1; -1; 
  170Ð; 0;      0.0;      0.0;      0.0;      0.0; 0; 0; 8; 0; -1; 8; FALSE; FALSE; 36; 0; -1; 36; 0; -1; -1; 
  171Ð; 0;      0.0;      0.0;      0.0;      0.0; 0; 0; 8; 0; -1; 8; FALSE; FALSE; 36; 0; -1; 36; 0; -1; -1; 
  172Ð; 0;      0.0;      0.0;      0.0;      0.0; 0; 0; 8; 6; -1; 8; FALSE; FALSE; 162; 0; -1; 162; 0; -1; -1; 
  173Ð; 0;      0.0;      0.0;      0.0;      0.0; 0; 0; 8; 0; -1; 8; FALSE; FALSE; 36; 0; -1; 36; 0; -1; -1; 
  174Ë; 0;      0.0;      0.0;      0.0;      0.0; 0; 0; 1; 16; -1; 1; FALSE; FALSE; 117; 0; -1; 117; 0; -1; -1; 
  174Ð; 0;      0.0;      0.0;      0.0;      0.0; 0; 0; 8; 7; -1; 8; FALSE; FALSE; 41; 0; -1; 41; 0; -1; -1; 
  175Ð; 0;    278.0;    175.2;      0.0;      0.0; 743; 0; 1; 1; -1; 8; FALSE; FALSE; 89; 0; 0; 89; 0; 0; -1; 
  176Ð; 0;      0.0;      0.0;      0.0;      0.0; 0; 0; 8; 0; -1; 8; FALSE; FALSE; 36; 0; -1; 36; 0; -1; -1; 
  177Ð; 0;      0.0;      0.0;      0.0;      0.0; 0; 0; 8; 0; -1; 8; FALSE; FALSE; 36; 0; -1; 36; 0; -1; -1; 
  178Ð; 0;      0.0;      0.0;      0.0;      0.0; 0; 0; 8; 0; -1; 8; FALSE; FALSE; 36; 0; -1; 36; 0; -1; -1; 
  179Ð; 0;      0.0;      0.0;      0.0;      0.0; 0; 0; 8; 0; -1; -1; FALSE; FALSE; 36; 0; -1; 36; 0; -1; -1; 
  180Ð; 0;      0.0;      0.0;      0.0;      0.0; 0; 0; 8; 0; -1; 8; FALSE; FALSE; 36; 0; -1; 36; 0; -1; -1; 
  181Ð; 0;      0.0;      0.0;      0.0;      0.0; 0; 0; 8; 0; -1; 8; FALSE; FALSE; 36; 0; -1; 36; 0; -1; -1; 
  182Ï; 0;      0.0;      0.0;      0.0;      0.0; 0; 0; 8; 0; -1; 8; FALSE; FALSE; 36; 0; -1; 36; 0; -1; -1; 
  183Ð; 0;      0.0;      0.0;      0.0;      0.0; 0; 0; 8; 0; -1; -1; FALSE; FALSE; 36; 0; -1; 36; 0; -1; -1; 
  185Ï; 0;      0.0;      0.0;      0.0;      0.0; 0; 0; 8; 0; -1; 8; FALSE; FALSE; 36; 0; -1; 36; 0; -1; -1; 
  186Ð; 0;      0.0;      0.0;      0.0;      0.0; 0; 0; 8; 0; -1; -1; FALSE; FALSE; 36; 0; -1; 36; 0; -1; -1; 
  187Ð; 0;      0.0;      0.0;      0.0;      0.0; 0; 0; 8; 0; -1; 8; FALSE; FALSE; 36; 0; -1; 36; 0; -1; -1; 
  188Ï; 0;      0.0;      0.0;      0.0;      0.0; 0; 0; 8; 0; -1; 8; FALSE; FALSE; 36; 0; -1; 36; 0; -1; -1; 
  189Ð; 0;      0.0;      0.0;      0.0;      0.0; 0; 0; 8; 0; -1; 8; FALSE; FALSE; 36; 0; -1; 36; 0; -1; -1; 
  191Ð; 0;      0.0;      0.0;      0.0;      0.0; 0; 0; 8; 0; -1; -1; FALSE; FALSE; 36; 0; -1; 36; 0; -1; -1; 
  192Ð; 0;      0.0;      0.0;      0.0;      0.0; 0; 0; 8; 4; -1; 8; FALSE; FALSE; 36; 0; -1; 36; 0; -1; -1; 
  194Ð; 0;    171.9;     49.1;      0.0;      0.0; 744; 0; 1; 1; -1; 8; FALSE; FALSE; 89; 0; 0; 89; 0; 0; -1; 
  195Ð; 0;      0.0;      0.0;      0.0;      0.0; 0; 0; 8; 0; -1; 8; FALSE; FALSE; 36; 0; -1; 36; 0; -1; -1; 
  196Ð; 0;      0.0;      0.0;      0.0;      0.0; 0; 0; 8; 0; -1; -1; FALSE; FALSE; 36; 0; -1; 36; 0; -1; -1; 
  198Ð; 0;      0.0;      0.0;      0.0;      0.0; 0; 0; 8; 0; -1; -1; FALSE; FALSE; 36; 0; -1; 36; 0; -1; -1; 
  209Ð; 0;      0.0;      0.0;      0.0;      0.0; 0; 0; 8; 0; -1; 8; FALSE; FALSE; 36; 0; -1; 36; 0; -1; -1; 
  215Ð; 0;      0.0;      0.0;      0.0;      0.0; 0; 0; 8; 16; -1; 8; FALSE; FALSE; 36; 0; -1; 36; 0; -1; -1; 
  216Ð; 0;      0.0;      0.0;      0.0;      0.0; 0; 0; 8; 4; -1; 8; FALSE; FALSE; 36; 0; -1; 36; 0; -1; -1; 
  217Ð; 0;      0.0;      0.0;      0.0;      0.0; 0; 0; 8; 6; -1; 8; FALSE; FALSE; 162; 0; -1; 162; 0; -1; -1; 
  230Ð; 0;      0.0;      0.0;      0.0;      0.0; 0; 0; 8; 0; -1; 8; FALSE; FALSE; 36; 0; -1; 36; 0; -1; -1; 
  231Ð; 0;      0.0;      0.0;      0.0;      0.0; 0; 0; 8; 16; -1; 8; FALSE; FALSE; 36; 0; -1; 36; 0; -1; -1; 
  232Ð; 0;      0.0;      0.0;      0.0;      0.0; 0; 0; 8; 0; -1; 8; FALSE; FALSE; 36; 0; -1; 36; 0; -1; -1; 
  907Ã; 0;      0.0;      0.0;      0.0;      0.0; 0; 0; 1; 1; -1; 1; FALSE; FALSE; 89; 0; 0; 89; 0; 0; -1; 
  920Ó; 0;    219.1;    262.6;      0.0;      0.0; 741; 0; 1; 1; -1; 2; FALSE; FALSE; 89; 0; 0; 89; 0; 0; -1; 
  920Ó; 1;      0.0;      0.0;      0.0;      0.0; 0; 0; -1; -1; -1; -1; FALSE; FALSE; 22; 8421504; -1; 22; 8421504; -1; -1; 
  974; 0;      0.0;      0.0;   1442.0;      0.0; 0; 744; 2; 1; -1; 2; FALSE; FALSE; 68; 32768; 32768; 68; 32768; 32768; -1; 
  977Ã; 0;    267.1;   1396.8;      0.0;      0.0; 744; 0; 1; 1; -1; 1; FALSE; FALSE; 89; 0; 0; 89; 0; 0; -1; 
  981Ã; 0;      0.0;      0.0;   1954.0;      0.0; 0; 744; 2; 1; -1; 2; FALSE; FALSE; 68; 32768; 32768; 68; 32768; 32768; -1; 
  982Ã; 0;     72.7;    257.0;      0.0;      0.0; 744; 0; 1; 1; -1; 1; FALSE; FALSE; 89; 0; 0; 89; 0; 0; -1; 
  983Ã; 0;      0.0;      0.0;   1498.0;      0.0; 0; 744; 2; 1; -1; 1; FALSE; FALSE; 68; 32768; 32768; 68; 32768; 32768; -1; 
  986Ã; 0;    320.4;   1105.9;      0.0;      0.0; 744; 0; 1; 1; -1; 1; FALSE; FALSE; 89; 0; 0; 89; 0; 0; -1; 
  987Ã; 0;    408.5;     60.2;      0.0;      0.0; 744; 0; 1; 1; -1; 1; FALSE; FALSE; 89; 0; 0; 89; 0; 0; -1; 
  988Ã; 0;    357.7;    703.8;      0.0;      0.0; 744; 0; 1; 1; -1; 1; FALSE; FALSE; 89; 0; 0; 89; 0; 0; -1; 
  990Ã; 0;    124.4;   1071.2;      0.0;      0.0; 744; 0; 1; 1; -1; 2; FALSE; FALSE; 89; 0; 0; 89; 0; 0; -1; 
  991; 0;      0.0;      0.0;      0.0;      0.0; 0; 0; 2; 7; -1; 2; FALSE; FALSE; 101; 32768; -1; 101; 32768; -1; -1; 
  996Ã; 0;    173.1;     24.1;      0.0;      0.0; 744; 0; 1; 1; -1; 1; FALSE; FALSE; 89; 0; 0; 89; 0; 0; -1; 
  999Ã; 0;      0.0;      0.0;      0.0;      0.0; 0; 0; 1; 6; -1; 1; FALSE; FALSE; 54; 0; -1; 54; 0; -1; -1; 
 1000; 0;      0.0;      0.0;      0.0;      0.0; 0; 0; 2; 1; -1; 1; FALSE; FALSE; 68; 32768; 32768; 68; 32768; 32768; -1; 
 1001; 0;      0.0;      0.0;      0.0;      0.0; 0; 0; 1; 16; -1; 1; FALSE; FALSE; 117; 0; -1; 117; 0; -1; -1; 
 1002; 0;      0.0;      0.0;   1694.0;      0.0; 0; 744; 2; 1; -1; 1; FALSE; FALSE; 68; 32768; 32768; 68; 32768; 32768; -1; 
 1003; 0;      0.0;      0.0;      0.0;      0.0; 0; 0; 1; 7; -1; 1; FALSE; FALSE; 55; 0; -1; 55; 0; -1; -1; 
 1004; 0;      0.0;      0.0;      0.0;      0.0; 0; 0; 1; 16; -1; 1; FALSE; FALSE; 117; 0; -1; 117; 0; -1; -1; 
 1005; 0;      0.0;      0.0;      0.0;      0.0; 0; 0; 1; 14; -1; 1; FALSE; FALSE; 73; 0; -1; 73; 0; -1; -1; 
 1006; 0;      0.0;      0.0;      0.0;      0.0; 0; 0; 1; 6; 2; 1; TRUE; TRUE; 22; 8421504; -1; 22; 8421504; -1; 60; 
 1007; 0;      0.0;      0.0;      0.0;      0.0; 0; 0; 1; 7; -1; 1; FALSE; FALSE; 55; 0; -1; 55; 0; -1; -1; 
 1007Ë; 0;      0.0;      0.0;      0.0;      0.0; 0; 0; 1; 2; -1; 1; FALSE; FALSE; 51; 0; -1; 51; 0; -1; -1; 
 1008; 0;      0.0;      0.0;      0.0;      0.0; 0; 0; 1; 7; -1; 1; FALSE; FALSE; 55; 0; -1; 55; 0; -1; -1; 
 1008Í; 0;      0.0;      0.0;      0.0;      0.0; 0; 0; 1; 14; -1; 1; FALSE; FALSE; 73; 0; -1; 73; 0; -1; -1; 
 1009; 0;    362.4;     61.6;      0.0;      0.0; 733; 0; 1; 1; -1; 1; FALSE; FALSE; 89; 0; 0; 89; 0; 0; -1; 
 1010; 0;      0.0;      0.0;      0.0;      0.0; 0; 0; 1; 7; -1; 1; FALSE; FALSE; 55; 0; -1; 55; 0; -1; -1; 
 1010Í; 0;     22.6;    389.8;      0.0;      0.0; 743; 0; 1; 1; -1; 1; FALSE; FALSE; 89; 0; 0; 89; 0; 0; -1; 
 1011; 0;      0.0;      0.0;      0.0;      0.0; 0; 0; 2; 1; -1; 1; FALSE; FALSE; 68; 32768; 32768; 68; 32768; 32768; -1; 
 1012; 0;      0.0;      0.0;      0.0;      0.0; 0; 0; 1; 7; -1; 1; FALSE; FALSE; 55; 0; -1; 55; 0; -1; -1; 
 1012Í; 0;      0.0;      0.0;      0.0;      0.0; 0; 0; 2; 1; -1; 1; FALSE; FALSE; 68; 32768; 32768; 68; 32768; 32768; -1; 
 1015; 0;      0.0;      0.0;      0.0;      0.0; 0; 0; 1; 7; -1; 1; FALSE; FALSE; 55; 0; -1; 55; 0; -1; -1; 
 1015Ë; 0;     96.7;     11.8;      0.0;      0.0; 744; 0; 1; 1; -1; 1; FALSE; FALSE; 89; 0; 0; 89; 0; 0; -1; 
 1021Ã; 0;      5.0;    142.2;      0.0;      0.0; 744; 0; 1; 1; -1; 1; FALSE; FALSE; 89; 0; 0; 89; 0; 0; -1; 
 1022Ã; 0;    352.9;     35.0;      0.0;      0.0; 744; 0; 1; 1; -1; 2; FALSE; FALSE; 89; 0; 0; 89; 0; 0; -1; 
 1023; 0;      0.0;      0.0;   2742.0;      0.0; 0; 744; 2; 9; -1; 2; FALSE; FALSE; 39; 32768; -1; 39; 32768; -1; -1; 
 1025Ã; 0;    296.2;    273.0;      0.0;      0.0; 744; 0; 1; 1; -1; 1; FALSE; FALSE; 89; 0; 0; 89; 0; 0; -1; 
 1028Ã; 0;     15.5;    392.0;      0.0;      0.0; 744; 0; 1; 1; -1; 1; FALSE; FALSE; 89; 0; 0; 89; 0; 0; -1; 
 1029Ã; 0;      0.0;      0.0;      0.0;      0.0; 0; 0; 1; 16; -1; 1; FALSE; FALSE; 117; 0; -1; 117; 0; -1; -1; 
 1030; 0;    191.1;     30.3;      0.0;      0.0; 744; 0; 1; 1; -1; 1; FALSE; FALSE; 89; 0; 0; 89; 0; 0; -1; 
 1031Ã; 0;      0.0;      0.0;      0.0;      0.0; 0; 0; 1; 1; -1; 1; FALSE; FALSE; 89; 0; 0; 89; 0; 0; -1; 
 1034Ã; 0;      0.0;      0.0;      0.0;      0.0; 0; 0; 1; 14; -1; 1; FALSE; FALSE; 73; 0; -1; 73; 0; -1; -1; 
 1035; 0;      0.0;      0.0;      0.0;      0.0; 0; 0; 1; 16; -1; 1; FALSE; FALSE; 117; 0; -1; 117; 0; -1; -1; 
 1036Ã; 0;     27.8;    821.9;      0.0;      0.0; 744; 0; 1; 1; -1; 1; FALSE; FALSE; 89; 0; 0; 89; 0; 0; -1; 
 1037Ã; 0;    693.1;    264.0;      0.0;      0.0; 744; 0; 1; 1; -1; 1; FALSE; FALSE; 89; 0; 0; 89; 0; 0; -1; 
 1039Ã; 0;      0.0;      0.0;     27.0;      0.0; 0; 24; 2; 2; -1; 1; FALSE; FALSE; 96; 32768; -1; 96; 32768; -1; -1; 
 1040; 0;      0.0;      0.0;      0.0;      0.0; 0; 0; 1; 7; -1; 1; FALSE; FALSE; 55; 0; -1; 55; 0; -1; -1; 
 1040Ë; 0;      0.0;      0.0;      0.0;      0.0; 0; 0; 1; 14; -1; 1; FALSE; FALSE; 73; 0; -1; 73; 0; -1; -1; 
 1041Ã; 0;      0.0;      0.0;      0.0;      0.0; 0; 0; 1; 6; -1; 1; FALSE; FALSE; 54; 0; -1; 54; 0; -1; -1; 
 1042Ã; 0;      0.0;      0.0;      0.0;      0.0; 0; 0; 1; 7; -1; 1; FALSE; FALSE; 55; 0; -1; 55; 0; -1; -1; 
 1042Ë; 0;    358.0;    608.0;      0.0;      0.0; 744; 0; 1; 1; -1; 1; FALSE; FALSE; 89; 0; 0; 89; 0; 0; -1; 
 1044Ã; 0;    198.2;    262.7;      0.0;      0.0; 744; 0; 1; 1; -1; 1; FALSE; FALSE; 89; 0; 0; 89; 0; 0; -1; 
 1045; 0;      0.0;      0.0;      0.0;      0.0; 0; 0; 1; 6; -1; 1; FALSE; FALSE; 54; 0; -1; 54; 0; -1; -1; 
 1046; 0;      0.0;      0.0;      0.0;      0.0; 0; 0; 1; 14; -1; 1; FALSE; FALSE; 73; 0; -1; 73; 0; -1; -1; 
 1047; 0;      0.0;      0.0;      0.0;      0.0; 0; 0; 1; 14; 2; 1; TRUE; TRUE; 22; 8421504; -1; 22; 8421504; -1; 60; 
 1047Á; 0;      0.0;      0.0;      0.0;      0.0; 0; 0; 2; 1; -1; 1; FALSE; FALSE; 68; 32768; 32768; 68; 32768; 32768; -1; 
 1050; 0;     75.5;    369.6;      0.0;      0.0; 744; 0; 1; 1; -1; 1; FALSE; FALSE; 89; 0; 0; 89; 0; 0; -1; 
 1051; 0;      0.0;      0.0;   2726.0;      0.0; 0; 744; 2; 1; -1; 1; FALSE; FALSE; 68; 32768; 32768; 68; 32768; 32768; -1; 
 1052Ã; 0;      0.0;      0.0;      0.0;      0.0; 0; 0; 1; 1; -1; 1; FALSE; FALSE; 89; 0; 0; 89; 0; 0; -1; 
 1055; 0;      0.0;      0.0;   1590.0;      0.0; 0; 744; 2; 1; -1; 2; FALSE; FALSE; 68; 32768; 32768; 68; 32768; 32768; -1; 
 1056Ã; 0;    421.7;    963.6;      0.0;      0.0; 741; 0; 1; 1; -1; 2; FALSE; FALSE; 89; 0; 0; 89; 0; 0; -1; 
 1058Ã; 0;     71.4;   1822.8;      0.0;      0.0; 744; 0; 1; 1; -1; 1; FALSE; FALSE; 89; 0; 0; 89; 0; 0; -1; 
 1062Ã; 0;    122.1;     74.0;      0.0;      0.0; 744; 0; 1; 1; -1; 1; FALSE; FALSE; 89; 0; 0; 89; 0; 0; -1; 
 1068; 0;      0.0;      0.0;      0.0;      0.0; 0; 0; 2; 16; -1; 1; FALSE; FALSE; 225; 32768; -1; 225; 32768; -1; -1; 
 1069Ã; 0;    492.7;     42.8;      0.0;      0.0; 684; 0; 1; 1; -1; -1; FALSE; FALSE; 89; 0; 0; 89; 0; 0; -1; 
 1069Ã; 1;      0.0;      0.0;      0.0;      0.0; 0; 0; -1; -1; -1; -1; FALSE; FALSE; 22; 8421504; -1; 22; 8421504; -1; -1; 
 1069Ã; 2;      0.0;      0.0;      0.0;      0.0; 0; 0; -1; -1; -1; -1; FALSE; FALSE; 22; 8421504; -1; 22; 8421504; -1; -1; 
 1069Ã; 3;      0.0;      0.0;      0.0;      0.0; 0; 0; -1; -1; -1; -1; FALSE; FALSE; 22; 8421504; -1; 22; 8421504; -1; -1; 
 1069Ã; 4;      0.0;      0.0;      0.0;      0.0; 0; 0; -1; -1; -1; -1; FALSE; FALSE; 22; 8421504; -1; 22; 8421504; -1; -1; 
 1070; 0;      0.0;      0.0;    890.0;      0.0; 0; 494; 2; 1; -1; 1; FALSE; FALSE; 68; 32768; 32768; 68; 32768; 32768; -1; 
 1071; 0;      0.0;      0.0;   3174.0;      0.0; 0; 744; 2; 1; -1; 1; FALSE; FALSE; 68; 32768; 32768; 68; 32768; 32768; -1; 
 1077; 0;      0.0;      0.0;   1548.0;      0.0; 0; 744; 2; 1; -1; 2; FALSE; FALSE; 68; 32768; 32768; 68; 32768; 32768; -1; 
 1090; 0;      0.0;      0.0;      0.0;      0.0; 0; 0; 1; 1; -1; 1; FALSE; FALSE; 89; 0; 0; 89; 0; 0; -1; 
 1091; 0;      0.0;      0.0;      0.0;      0.0; 0; 0; 1; 14; -1; 1; FALSE; FALSE; 73; 0; -1; 73; 0; -1; -1; 
 1092; 0;      0.0;      0.0;      0.0;      0.0; 0; 0; 1; 14; -1; 1; FALSE; FALSE; 73; 0; -1; 73; 0; -1; -1; 
 1097; 0;      0.0;      0.0;      0.0;      0.0; 0; 0; 1; 6; -1; 1; FALSE; FALSE; 54; 0; -1; 54; 0; -1; -1; 
 1098; 0;      0.0;      0.0;      0.0;      0.0; 0; 0; 1; 6; -1; 1; FALSE; FALSE; 54; 0; -1; 54; 0; -1; -1; 
 1099Ã; 0;      0.0;      0.0;      0.0;      0.0; 0; 0; 2; 1; -1; 1; FALSE; FALSE; 68; 32768; 32768; 68; 32768; 32768; -1; 
 1100; 0;     56.6;      9.8;      0.0;      0.0; 744; 0; 1; 1; -1; 1; FALSE; FALSE; 89; 0; 0; 89; 0; 0; -1; 
 1101; 0;    427.9;     81.2;      0.0;      0.0; 744; 0; 1; 1; -1; 1; FALSE; FALSE; 89; 0; 0; 89; 0; 0; -1; 
 1102Ó; 0;    244.4;    139.8;      0.0;      0.0; 744; 0; 1; 1; -1; 1; FALSE; FALSE; 89; 0; 0; 89; 0; 0; -1; 
 1103; 0;      0.0;      0.0;     38.0;      0.0; 0; 24; 2; 1; -1; 1; FALSE; FALSE; 68; 32768; 32768; 68; 32768; 32768; -1; 
 1104; 0;      0.0;      0.0;      0.0;      0.0; 0; 0; 1; 16; -1; 1; FALSE; FALSE; 117; 0; -1; 117; 0; -1; -1; 
 1105; 0;      0.0;      0.0;      0.0;      0.0; 0; 0; 2; 1; -1; 1; FALSE; FALSE; 68; 32768; 32768; 68; 32768; 32768; -1; 
 1106; 0;      0.0;      0.0;   2582.0;      0.0; 0; 744; 2; 1; -1; 1; FALSE; FALSE; 68; 32768; 32768; 68; 32768; 32768; -1; 
 1107; 0;      0.0;      0.0;      0.0;      0.0; 0; 0; 1; 7; -1; 1; FALSE; FALSE; 55; 0; -1; 55; 0; -1; -1; 
 1107Ë; 0;    786.2;    483.2;      0.0;      0.0; 744; 0; 1; 1; -1; 1; FALSE; FALSE; 89; 0; 0; 89; 0; 0; -1; 
 1108; 0;      0.0;      0.0;      0.0;      0.0; 0; 0; 1; 7; -1; 1; FALSE; FALSE; 55; 0; -1; 55; 0; -1; -1; 
 1108Í; 0;      0.0;      0.0;      0.0;      0.0; 0; 0; 1; 16; -1; 1; FALSE; FALSE; 117; 0; -1; 117; 0; -1; -1; 
 1109; 0;      0.0;      0.0;      0.0;      0.0; 0; 0; 1; 16; -1; 1; FALSE; FALSE; 117; 0; -1; 117; 0; -1; -1; 
 1110Ã; 0;    394.5;     18.4;      0.0;      0.0; 744; 0; 1; 1; -1; 1; FALSE; FALSE; 89; 0; 0; 89; 0; 0; -1; 
 1111; 0;      0.0;      0.0;   2129.0;      0.0; 0; 744; 2; 1; -1; 1; FALSE; FALSE; 68; 32768; 32768; 68; 32768; 32768; -1; 
 1112; 0;     59.9;    153.6;      0.0;      0.0; 410; 0; 1; 1; -1; 1; FALSE; FALSE; 89; 0; 0; 89; 0; 0; -1; 
 1113Ó; 0;      2.7;    183.1;      0.0;      0.0; 744; 0; 1; 1; -1; 1; FALSE; FALSE; 89; 0; 0; 89; 0; 0; -1; 
 1114; 0;      0.0;      0.0;      0.0;      0.0; 0; 0; 1; 14; -1; 1; FALSE; FALSE; 73; 0; -1; 73; 0; -1; -1; 
 1115; 0;      0.0;      0.0;    569.0;      0.0; 0; 744; 2; 1; -1; 1; FALSE; FALSE; 68; 32768; 32768; 68; 32768; 32768; -1; 
 1116; 0;      0.0;      0.0;   2205.0;      0.0; 0; 744; 2; 1; -1; 2; FALSE; FALSE; 68; 32768; 32768; 68; 32768; 32768; -1; 
 1117; 0;    180.9;    174.0;      0.0;      0.0; 744; 0; 1; 1; -1; 1; FALSE; FALSE; 89; 0; 0; 89; 0; 0; -1; 
 1118; 0;      0.0;      0.0;      0.0;      0.0; 0; 0; 2; 1; -1; 2; FALSE; FALSE; 68; 32768; 32768; 68; 32768; 32768; -1; 
 1119; 0;      0.0;      0.0;      0.0;      0.0; 0; 0; 1; 16; -1; 1; FALSE; FALSE; 117; 0; -1; 117; 0; -1; -1; 
 1120Ã; 0;    935.7;    827.4;      0.0;      0.0; 744; 0; 1; 1; -1; 1; FALSE; FALSE; 89; 0; 0; 89; 0; 0; -1; 
 1121; 0;     17.1;    778.0;      0.0;      0.0; 744; 0; 1; 1; -1; 1; FALSE; FALSE; 89; 0; 0; 89; 0; 0; -1; 
 1122; 0;      0.0;      0.0;      0.0;      0.0; 0; 0; 1; 14; -1; 1; FALSE; FALSE; 73; 0; -1; 73; 0; -1; -1; 
 1123; 0;      0.0;      0.0;      0.0;      0.0; 0; 0; 1; 16; -1; 1; FALSE; FALSE; 117; 0; -1; 117; 0; -1; -1; 
 1124; 0;      0.0;      0.0;      0.0;      0.0; 0; 0; 1; 6; -1; 1; FALSE; FALSE; 54; 0; -1; 54; 0; -1; -1; 
 1126; 0;      0.0;      0.0;      0.0;      0.0; 0; 0; 1; 6; -1; 1; FALSE; FALSE; 54; 0; -1; 54; 0; -1; -1; 
 1127Ã; 0;    194.0;    215.6;      0.0;      0.0; 744; 0; 1; 1; -1; 1; FALSE; FALSE; 89; 0; 0; 89; 0; 0; -1; 
 1128Ã; 0;    172.2;      9.3;      0.0;      0.0; 744; 0; 1; 1; -1; 2; FALSE; FALSE; 89; 0; 0; 89; 0; 0; -1; 
 1129Ã; 0;    217.1;     34.7;      0.0;      0.0; 744; 0; 1; 1; -1; 1; FALSE; FALSE; 89; 0; 0; 89; 0; 0; -1; 
 1130; 0;      0.0;      0.0;      0.0;      0.0; 0; 0; 1; 9; -1; 1; FALSE; FALSE; 56; 0; -1; 56; 0; -1; -1; 
 1131; 0;      0.0;      0.0;      0.0;      0.0; 0; 0; 1; 7; -1; 1; FALSE; FALSE; 55; 0; -1; 55; 0; -1; -1; 
 1131Ë; 0;      0.0;      0.0;      0.0;      0.0; 0; 0; 1; 6; -1; 1; FALSE; FALSE; 54; 0; -1; 54; 0; -1; -1; 
 1132; 0;      4.5;    368.9;      0.0;      0.0; 744; 0; 1; 1; -1; 1; FALSE; FALSE; 89; 0; 0; 89; 0; 0; -1; 
 1133Ã; 0;    175.4;   2032.7;      0.0;      0.0; 744; 0; 1; 1; -1; 1; FALSE; FALSE; 89; 0; 0; 89; 0; 0; -1; 
 1134; 0;      0.0;      0.0;      0.0;      0.0; 0; 0; 2; 9; -1; 2; FALSE; FALSE; 39; 32768; -1; 39; 32768; -1; -1; 
 1139Ã; 0;     31.3;    632.4;      0.0;      0.0; 744; 0; 1; 1; -1; 1; FALSE; FALSE; 89; 0; 0; 89; 0; 0; -1; 
 1140Ã; 0;    166.6;     16.3;      0.0;      0.0; 744; 0; 1; 1; -1; 1; FALSE; FALSE; 89; 0; 0; 89; 0; 0; -1; 
 1145; 0;      0.0;      0.0;      0.0;      0.0; 0; 0; 1; 7; -1; 1; FALSE; FALSE; 55; 0; -1; 55; 0; -1; -1; 
 1145Ë; 0;      0.0;      0.0;      0.0;      0.0; 0; 0; 1; 6; -1; 1; FALSE; FALSE; 54; 0; -1; 54; 0; -1; -1; 
 1146; 0;      0.0;      0.0;      0.0;      0.0; 0; 0; 1; 16; -1; 1; FALSE; FALSE; 117; 0; -1; 117; 0; -1; -1; 
 1147; 0;      0.0;      0.0;      0.0;      0.0; 0; 0; 2; 16; -1; 1; FALSE; FALSE; 225; 32768; -1; 225; 32768; -1; -1; 
 1148; 0;     44.0;    282.7;      0.0;      0.0; 744; 0; 1; 1; -1; 1; FALSE; FALSE; 89; 0; 0; 89; 0; 0; -1; 
 1149Ã; 0;    115.1;     33.1;      0.0;      0.0; 672; 0; 1; 1; -1; 1; FALSE; FALSE; 89; 0; 0; 89; 0; 0; -1; 
 1150Ã; 0;    229.9;     31.8;      0.0;      0.0; 744; 0; 1; 1; -1; 1; FALSE; FALSE; 89; 0; 0; 89; 0; 0; -1; 
 1151; 0;     24.3;    936.5;      0.0;      0.0; 744; 0; 1; 1; -1; 1; FALSE; FALSE; 89; 0; 0; 89; 0; 0; -1; 
 1152; 0;     52.6;    330.4;      0.0;      0.0; 744; 0; 1; 1; -1; 1; FALSE; FALSE; 89; 0; 0; 89; 0; 0; -1; 
 1154; 0;      2.3;      0.3;      0.0;      0.0; 24; 0; 1; 1; -1; 2; FALSE; FALSE; 89; 0; 0; 89; 0; 0; -1; 
 1155; 0;      0.0;      0.0;      5.0;      0.0; 0; 24; 2; 2; -1; 1; FALSE; FALSE; 96; 32768; -1; 96; 32768; -1; -1; 
 1156Ã; 0;     84.7;    662.7;      0.0;      0.0; 744; 0; 1; 1; -1; 1; FALSE; FALSE; 89; 0; 0; 89; 0; 0; -1; 
 1161; 0;      0.0;      0.0;      0.0;      0.0; 0; 0; 1; 7; -1; 1; FALSE; FALSE; 55; 0; -1; 55; 0; -1; -1; 
 1161Í; 0;      0.0;      0.0;      0.0;      0.0; 0; 0; 2; 1; -1; 1; FALSE; FALSE; 68; 32768; 32768; 68; 32768; 32768; -1; 
 1162; 0;      0.0;      0.0;    710.0;      0.0; 0; 564; 2; 1; -1; 1; FALSE; FALSE; 68; 32768; 32768; 68; 32768; 32768; -1; 
 1163Ã; 0;      0.0;      0.0;      0.0;      0.0; 0; 0; 1; 14; -1; 1; FALSE; FALSE; 73; 0; -1; 73; 0; -1; -1; 
 1164; 0;      0.0;      0.0;      0.0;      0.0; 0; 0; 1; 1; -1; 1; FALSE; FALSE; 89; 0; 0; 89; 0; 0; -1; 
 1168Ã; 0;    390.4;     59.7;      0.0;      0.0; 744; 0; 1; 1; -1; 1; FALSE; FALSE; 89; 0; 0; 89; 0; 0; -1; 
 1169Ã; 0;    139.9;     31.3;      0.0;      0.0; 744; 0; 1; 1; -1; 1; FALSE; FALSE; 89; 0; 0; 89; 0; 0; -1; 
 1170Ã; 0;    251.7;    207.6;      0.0;      0.0; 744; 0; 1; 1; -1; 1; FALSE; FALSE; 89; 0; 0; 89; 0; 0; -1; 
 1170Ã; 1;      0.0;      0.0;      0.0;      0.0; 0; 0; -1; -1; -1; -1; FALSE; FALSE; 22; 8421504; -1; 22; 8421504; -1; -1; 
 1171; 0;     89.2;    202.9;      0.0;      0.0; 744; 0; 1; 1; -1; 1; FALSE; FALSE; 89; 0; 0; 89; 0; 0; -1; 
 1172; 0;    178.8;     25.1;      0.0;      0.0; 658; 0; 1; 1; -1; 2; FALSE; FALSE; 89; 0; 0; 89; 0; 0; -1; 
 1176Ã; 0;      0.0;      0.0;      0.0;      0.0; 0; 0; 1; 7; -1; 1; FALSE; FALSE; 55; 0; -1; 55; 0; -1; -1; 
 1176Í; 0;      0.4;    444.5;      0.0;      0.0; 646; 0; 1; 1; -1; 1; FALSE; FALSE; 89; 0; 0; 89; 0; 0; -1; 
 1177Ã; 0;      0.0;      0.0;      0.0;      0.0; 0; 0; 1; 16; -1; 1; FALSE; FALSE; 117; 0; -1; 117; 0; -1; -1; 
 1178Ã; 0;      0.0;      0.0;      0.0;      0.0; 0; 0; 1; 16; -1; 1; FALSE; FALSE; 117; 0; -1; 117; 0; -1; -1; 
 1179; 0;     61.3;    103.9;      0.0;      0.0; 744; 0; 1; 1; -1; 2; FALSE; FALSE; 89; 0; 0; 89; 0; 0; -1; 
 1180; 0;      0.0;      0.0;    626.0;      0.0; 0; 646; 2; 1; -1; 1; FALSE; FALSE; 68; 32768; 32768; 68; 32768; 32768; -1; 
 1181; 0;     11.0;   1878.6;      0.0;      0.0; 480; 0; 1; 1; -1; 1; FALSE; FALSE; 89; 0; 0; 89; 0; 0; -1; 
 1184Ã; 0;    333.9;     35.5;      0.0;      0.0; 744; 0; 1; 1; -1; 1; FALSE; FALSE; 89; 0; 0; 89; 0; 0; -1; 
 1186; 0;      0.0;      0.0;      0.0;      0.0; 0; 0; 1; 14; -1; 1; FALSE; FALSE; 73; 0; -1; 73; 0; -1; -1; 
 1187; 0;      0.0;      0.0;    793.0;      0.0; 0; 438; 2; 1; -1; 1; FALSE; FALSE; 68; 32768; 32768; 68; 32768; 32768; -1; 
 1188; 0;      0.0;      0.0;      0.0;      0.0; 0; 0; 1; 7; -1; 1; FALSE; FALSE; 55; 0; -1; 55; 0; -1; -1; 
 1188Í; 0;      0.0;      0.0;      0.0;      0.0; 0; 0; 1; 6; -1; 1; FALSE; FALSE; 54; 0; -1; 54; 0; -1; -1; 
 1192Ã; 0;    332.4;     42.5;      0.0;      0.0; 744; 0; 1; 1; -1; 1; FALSE; FALSE; 89; 0; 0; 89; 0; 0; -1; 
 1193; 0;      0.0;      0.0;      0.0;      0.0; 0; 0; 1; 16; -1; 1; FALSE; FALSE; 117; 0; -1; 117; 0; -1; -1; 
 1196Ó; 0;      0.0;      0.0;      0.0;      0.0; 0; 0; 2; 1; -1; 1; FALSE; FALSE; 68; 32768; 32768; 68; 32768; 32768; -1; 
 1198; 0;    151.1;    173.4;      0.0;      0.0; 744; 0; 1; 1; -1; 1; FALSE; FALSE; 89; 0; 0; 89; 0; 0; -1; 
 1199; 0;      0.0;   1460.8;      0.0;      0.0; 744; 0; 1; 1; -1; 1; FALSE; FALSE; 89; 0; 0; 89; 0; 0; -1; 
 1201; 0;     95.2;    259.0;      0.0;      0.0; 743; 0; 1; 1; -1; 1; FALSE; FALSE; 89; 0; 0; 89; 0; 0; -1; 
 1202; 0;      0.0;      0.0;     37.0;      0.0; 0; 28; 2; 9; -1; 2; FALSE; FALSE; 39; 32768; -1; 39; 32768; -1; -1; 
 1203; 0;      0.0;      0.0;      0.0;      0.0; 0; 0; 1; 16; -1; 1; FALSE; FALSE; 117; 0; -1; 117; 0; -1; -1; 
 1204; 0;      0.0;      0.0;      0.0;      0.0; 0; 0; 1; 14; -1; 1; FALSE; FALSE; 73; 0; -1; 73; 0; -1; -1; 
 1205; 0;    134.3;    214.7;      0.0;      0.0; 727; 0; 1; 1; -1; 1; FALSE; FALSE; 89; 0; 0; 89; 0; 0; -1; 
 1207; 0;    122.8;    668.6;      0.0;      0.0; 741; 0; 1; 1; -1; 1; FALSE; FALSE; 89; 0; 0; 89; 0; 0; -1; 
 1208; 0;      0.0;      0.0;      0.0;      0.0; 0; 0; 1; 7; -1; 1; FALSE; FALSE; 55; 0; -1; 55; 0; -1; -1; 
 1208Í; 0;      0.0;      0.0;      0.0;      0.0; 0; 0; 1; 16; -1; 1; FALSE; FALSE; 117; 0; -1; 117; 0; -1; -1; 
 1209; 0;    134.2;    215.2;      0.0;      0.0; 744; 0; 1; 1; -1; 1; FALSE; FALSE; 89; 0; 0; 89; 0; 0; -1; 
 1211; 0;    117.3;     58.1;      0.0;      0.0; 744; 0; 1; 1; -1; 1; FALSE; FALSE; 89; 0; 0; 89; 0; 0; -1; 
 1212; 0;      0.0;      0.0;    594.0;      0.0; 0; 744; 2; 1; -1; 2; FALSE; FALSE; 68; 32768; 32768; 68; 32768; 32768; -1; 
 1216; 0;      0.0;      0.0;      0.0;      0.0; 0; 0; 1; 7; -1; 1; FALSE; FALSE; 55; 0; -1; 55; 0; -1; -1; 
 1216Í; 0;      0.0;      0.0;      0.0;      0.0; 0; 0; 1; 14; -1; 1; FALSE; FALSE; 73; 0; -1; 73; 0; -1; -1; 
 1217Ã; 0;    295.1;   1622.4;      0.0;      0.0; 744; 0; 1; 1; -1; 1; FALSE; FALSE; 89; 0; 0; 89; 0; 0; -1; 
 1218; 0;      0.0;      0.0;      0.0;      0.0; 0; 0; 1; 16; -1; 1; FALSE; FALSE; 117; 0; -1; 117; 0; -1; -1; 
 1219; 0;      0.0;      0.0;      0.0;      0.0; 0; 0; 2; 1; -1; 1; FALSE; FALSE; 68; 32768; 32768; 68; 32768; 32768; -1; 
 1220; 0;      0.0;      0.0;   2080.0;      0.0; 0; 617; 2; 1; -1; 1; FALSE; FALSE; 68; 32768; 32768; 68; 32768; 32768; -1; 
 1221Ó; 0;    141.7;    255.2;      0.0;      0.0; 739; 0; 1; 1; -1; 1; FALSE; FALSE; 89; 0; 0; 89; 0; 0; -1; 
 1224; 0;    182.0;    197.4;      0.0;      0.0; 744; 0; 1; 1; -1; 1; FALSE; FALSE; 89; 0; 0; 89; 0; 0; -1; 
 1225Ó; 0;     31.3;    399.2;      0.0;      0.0; 743; 0; 1; 1; 5; 1; FALSE; FALSE; 89; 0; 0; 89; 0; 0; 172; 
 1230; 0;      0.0;      0.0;      0.0;      0.0; 0; 0; 1; 7; -1; 1; FALSE; FALSE; 55; 0; -1; 55; 0; -1; -1; 
 1230Í; 0;     39.2;   1145.1;      0.0;      0.0; 744; 0; 1; 1; -1; 1; FALSE; FALSE; 89; 0; 0; 89; 0; 0; -1; 
 1231; 0;      0.0;      0.0;      0.0;      0.0; 0; 0; 1; 1; -1; 1; FALSE; FALSE; 89; 0; 0; 89; 0; 0; -1; 
 1235; 0;      0.0;      0.0;   1612.0;      0.0; 0; 542; 2; 1; -1; 1; FALSE; FALSE; 68; 32768; 32768; 68; 32768; 32768; -1; 
 1236Ó; 0;     84.3;     93.3;      0.0;      0.0; 743; 0; 1; 9; 6; 1; FALSE; FALSE; 56; 0; -1; 56; 0; -1; -1; 
 1245; 0;      0.0;      0.0;   2062.0;      0.0; 0; 617; 2; 1; -1; 1; FALSE; FALSE; 68; 32768; 32768; 68; 32768; 32768; -1; 
 1248; 0;      0.0;      0.0;      0.0;      0.0; 0; 0; 1; 14; -1; 1; FALSE; FALSE; 73; 0; -1; 73; 0; -1; -1; 
 1253; 0;      0.0;      0.0;   1054.0;      0.0; 0; 542; 2; 1; -1; 1; FALSE; FALSE; 68; 32768; 32768; 68; 32768; 32768; -1; 
 1254Ã; 0;    229.4;    735.5;      0.0;      0.0; 743; 0; 1; 1; -1; 1; FALSE; FALSE; 89; 0; 0; 89; 0; 0; -1; 
 1255; 0;    294.8;     91.2;      0.0;      0.0; 743; 0; 1; 1; -1; 1; FALSE; FALSE; 89; 0; 0; 89; 0; 0; -1; 
 1259; 0;     13.8;     87.7;      0.0;      0.0; 740; 0; 1; 1; -1; 1; FALSE; FALSE; 89; 0; 0; 89; 0; 0; -1; 
 1262; 0;    152.7;     44.0;      0.0;      0.0; 744; 0; 1; 1; -1; 1; FALSE; FALSE; 89; 0; 0; 89; 0; 0; -1; 
 1264; 0;      0.0;      0.0;      0.0;      0.0; 0; 0; 1; 1; -1; 1; FALSE; FALSE; 89; 0; 0; 89; 0; 0; -1; 
 1265Ã; 0;      0.0;      0.0;   2395.0;      0.0; 0; 744; 2; 1; -1; 1; FALSE; FALSE; 68; 32768; 32768; 68; 32768; 32768; -1; 
 1266Ã; 0;    270.9;    400.8;      0.0;      0.0; 654; 0; 1; 1; -1; 1; FALSE; FALSE; 89; 0; 0; 89; 0; 0; -1; 
 1267Ã; 0;      0.0;      0.0;      0.0;      0.0; 0; 0; 1; 1; -1; 1; FALSE; FALSE; 89; 0; 0; 89; 0; 0; -1; 
 1269; 0;      0.0;      0.0;   1511.0;      0.0; 0; 484; 1; 1; -1; 1; FALSE; FALSE; 89; 0; 0; 89; 0; 0; -1; 
 1270Ã; 0;     88.8;   2633.9;      0.0;      0.0; 562; 0; 1; 1; -1; 1; FALSE; FALSE; 89; 0; 0; 89; 0; 0; -1; 
 1272; 0;      0.0;      0.0;      0.0;      0.0; 0; 0; 2; 14; -1; 1; FALSE; FALSE; 74; 32768; -1; 74; 32768; -1; -1; 
 1273; 0;      0.0;      0.0;    984.0;      0.0; 0; 744; 2; 1; -1; 1; FALSE; FALSE; 68; 32768; 32768; 68; 32768; 32768; -1; 
 1274Ã; 0;    770.3;    258.0;      0.0;      0.0; 744; 0; 1; 1; -1; 1; FALSE; FALSE; 89; 0; 0; 89; 0; 0; -1; 
 1277; 0;      0.0;      0.0;      0.0;      0.0; 0; 0; 1; 7; -1; 1; FALSE; FALSE; 55; 0; -1; 55; 0; -1; -1; 
 1278; 0;      0.0;      0.0;      0.0;      0.0; 0; 0; 1; 7; -1; 1; FALSE; FALSE; 55; 0; -1; 55; 0; -1; -1; 
 1278Ë; 0;      0.0;      0.0;   1614.0;      0.0; 0; 744; 2; 1; -1; 1; FALSE; FALSE; 68; 32768; 32768; 68; 32768; 32768; -1; 
 1281Ã; 0;      0.0;      0.0;      0.0;      0.0; 0; 0; 1; 16; -1; 1; FALSE; FALSE; 117; 0; -1; 117; 0; -1; -1; 
 1282Ã; 0;      0.0;      0.0;      0.0;      0.0; 0; 0; 1; 14; -1; 1; FALSE; FALSE; 73; 0; -1; 73; 0; -1; -1; 
 1283; 0;      0.0;      0.0;      0.0;      0.0; 0; 0; 1; 14; -1; 1; FALSE; FALSE; 73; 0; -1; 73; 0; -1; -1; 
 1284Ã; 0;    136.7;    439.1;      0.0;      0.0; 360; 0; 1; 1; -1; 1; FALSE; FALSE; 89; 0; 0; 89; 0; 0; -1; 
 1285Í; 0;     12.7;    450.2;      0.0;      0.0; 744; 0; 1; 1; -1; 1; FALSE; FALSE; 89; 0; 0; 89; 0; 0; -1; 
 1285Í; 1;      0.0;      0.0;      0.0;      0.0; 0; 0; -1; -1; -1; -1; FALSE; FALSE; 22; 8421504; -1; 22; 8421504; -1; -1; 
 1285Ó; 0;      0.0;      0.0;      0.0;      0.0; 0; 0; 1; 7; 5; 1; FALSE; FALSE; 55; 0; -1; 55; 0; -1; 172; 
 1286; 0;     82.1;   1087.1;      0.0;      0.0; 744; 0; 1; 1; -1; 1; FALSE; FALSE; 89; 0; 0; 89; 0; 0; -1; 
 1290Ã; 0;     96.3;   1340.4;      0.0;      0.0; 744; 0; 1; 1; -1; 1; FALSE; FALSE; 89; 0; 0; 89; 0; 0; -1; 
 1291; 0;    434.7;    998.8;      0.0;      0.0; 744; 0; 1; 1; -1; 1; FALSE; FALSE; 89; 0; 0; 89; 0; 0; -1; 
 1292Ã; 0;      0.0;      0.0;      0.0;      0.0; 0; 0; 1; 14; -1; 1; FALSE; FALSE; 73; 0; -1; 73; 0; -1; -1; 
 1293; 0;    362.4;    391.1;      0.0;      0.0; 720; 0; 1; 1; -1; 1; FALSE; FALSE; 89; 0; 0; 89; 0; 0; -1; 
 1310Ã; 0;    152.0;   1192.9;      0.0;      0.0; 744; 0; 1; 1; -1; 1; FALSE; FALSE; 89; 0; 0; 89; 0; 0; -1; 
 1311Ã; 0;      0.0;      0.0;      0.0;      0.0; 0; 0; 1; 1; -1; 1; FALSE; FALSE; 89; 0; 0; 89; 0; 0; -1; 
 1316Ã; 0;      0.0;      0.0;      0.0;      0.0; 0; 0; 1; 14; -1; 1; FALSE; FALSE; 73; 0; -1; 73; 0; -1; -1; 
 1321Ã; 0;     10.9;   1750.7;      0.0;      0.0; 743; 0; 1; 1; -1; 1; FALSE; FALSE; 89; 0; 0; 89; 0; 0; -1; 
 1322Ã; 0;      0.0;      0.0;      0.0;      0.0; 0; 0; 1; 6; -1; 1; FALSE; FALSE; 54; 0; -1; 54; 0; -1; -1; 
 1332; 0;    158.8;    756.9;      0.0;      0.0; 727; 0; 1; 1; -1; 1; FALSE; FALSE; 89; 0; 0; 89; 0; 0; -1; 
 1335Ó; 0;      0.0;      0.0;   1148.0;      0.0; 0; 744; 2; 1; 5; 1; FALSE; FALSE; 68; 32768; 32768; 68; 32768; 32768; 172; 
 1339Ã; 0;    111.0;    625.5;      0.0;      0.0; 744; 0; 1; 1; -1; 1; FALSE; FALSE; 89; 0; 0; 89; 0; 0; -1; 
 1345Ã; 0;     49.5;   2645.9;      0.0;      0.0; 743; 0; 1; 1; -1; 1; FALSE; FALSE; 89; 0; 0; 89; 0; 0; -1; 
 1346Ã; 0;    118.3;   2143.6;      0.0;      0.0; 744; 0; 1; 1; -1; 1; FALSE; FALSE; 89; 0; 0; 89; 0; 0; -1; 
 1349Ã; 0;      0.0;      0.0;      0.0;      0.0; 0; 0; 1; 14; -1; 1; FALSE; FALSE; 73; 0; -1; 73; 0; -1; -1; 
 1351Ã; 0;    232.7;   4572.6;      0.0;      0.0; 743; 0; 1; 9; -1; 1; FALSE; FALSE; 56; 0; -1; 56; 0; -1; -1; 
 1352Ã; 0;      0.0;      0.0;      0.0;      0.0; 0; 0; 1; 6; -1; 1; FALSE; FALSE; 54; 0; -1; 54; 0; -1; -1; 
 1354Ã; 0;      0.0;      0.0;      0.0;      0.0; 0; 0; 1; 14; -1; 1; FALSE; FALSE; 73; 0; -1; 73; 0; -1; -1; 
 1358Ã; 0;      0.0;      0.0;      0.0;      0.0; 0; 0; 1; 7; -1; 1; FALSE; FALSE; 55; 0; -1; 55; 0; -1; -1; 
 1360Ã; 0;    790.8;   1266.1;      0.0;      0.0; 744; 0; 1; 1; -1; 1; FALSE; FALSE; 89; 0; 0; 89; 0; 0; -1; 
 1367Ã; 0;      0.0;      0.0;      0.0;      0.0; 0; 0; 1; 16; -1; 1; FALSE; FALSE; 117; 0; -1; 117; 0; -1; -1; 
 1376Ã; 0;      0.0;      0.0;   1455.0;      0.0; 0; 744; 2; 1; -1; 1; FALSE; FALSE; 68; 32768; 32768; 68; 32768; 32768; -1; 
 1382Ã; 0;    410.7;   1119.3;      0.0;      0.0; 744; 0; 1; 1; -1; 1; FALSE; FALSE; 89; 0; 0; 89; 0; 0; -1; 
 1385Ã; 0;    561.1;     59.8;      0.0;      0.0; 743; 0; 1; 1; -1; 1; FALSE; FALSE; 89; 0; 0; 89; 0; 0; -1; 
 1386Ã; 0;      0.0;      0.0;      0.0;      0.0; 0; 0; 1; 7; -1; 1; FALSE; FALSE; 55; 0; -1; 55; 0; -1; -1; 
 1386Í; 0;     64.7;   1390.1;      0.0;      0.0; 743; 0; 1; 1; -1; 1; FALSE; FALSE; 89; 0; 0; 89; 0; 0; -1; 
 1387Ã; 0;    201.3;    694.7;      0.0;      0.0; 744; 0; 1; 1; -1; 1; FALSE; FALSE; 89; 0; 0; 89; 0; 0; -1; 
 1388Ã; 0;    131.8;   3760.4;      0.0;      0.0; 743; 0; 1; 1; -1; 2; FALSE; FALSE; 89; 0; 0; 89; 0; 0; -1; 
 1389Ã; 0;   1043.3;    201.1;      0.0;      0.0; 744; 0; 1; 1; -1; 1; FALSE; FALSE; 89; 0; 0; 89; 0; 0; -1; 
 1390Ã; 0;    495.4;     60.2;      0.0;      0.0; 744; 0; 1; 1; -1; 1; FALSE; FALSE; 89; 0; 0; 89; 0; 0; -1; 
 1391Ã; 0;      0.0;      0.0;     35.0;      0.0; 0; 24; 2; 2; -1; 1; FALSE; FALSE; 96; 32768; -1; 96; 32768; -1; -1; 
 1393Ã; 0;      0.0;      0.0;      0.0;      0.0; 0; 0; 1; 6; -1; 1; FALSE; FALSE; 54; 0; -1; 54; 0; -1; -1; 
 1394; 0;      0.0;      0.0;      0.0;      0.0; 0; 0; 2; 1; -1; 2; FALSE; FALSE; 68; 32768; 32768; 68; 32768; 32768; -1; 
 1395Ã; 0;      0.0;      0.0;      0.0;      0.0; 0; 0; 1; 7; -1; 1; FALSE; FALSE; 55; 0; -1; 55; 0; -1; -1; 
 1395Í; 0;     69.5;    363.7;      0.0;      0.0; 744; 0; 1; 1; -1; 1; FALSE; FALSE; 89; 0; 0; 89; 0; 0; -1; 
 1396Ã; 0;    230.4;   4651.6;      0.0;      0.0; 744; 0; 1; 1; -1; 1; FALSE; FALSE; 89; 0; 0; 89; 0; 0; -1; 
 1397Ã; 0;    396.1;    637.1;      0.0;      0.0; 744; 0; 1; 1; -1; 1; FALSE; FALSE; 89; 0; 0; 89; 0; 0; -1; 
 1398Ã; 0;      0.0;      0.0;      0.0;      0.0; 0; 0; 2; 2; -1; 1; FALSE; FALSE; 96; 32768; -1; 96; 32768; -1; -1; 
 1399Ã; 0;      0.0;      0.0;   5940.0;      0.0; 0; 744; 2; 1; -1; 1; FALSE; FALSE; 68; 32768; 32768; 68; 32768; 32768; -1; 
 1401Ã; 0;      0.0;      0.0;      0.0;      0.0; 0; 0; 1; 1; -1; 2; FALSE; FALSE; 89; 0; 0; 89; 0; 0; -1; 
 1402Ã; 0;      0.0;      0.0;   1527.0;      0.0; 0; 744; 2; 1; -1; 1; FALSE; FALSE; 68; 32768; 32768; 68; 32768; 32768; -1; 
 1404Ã; 0;      0.0;      0.0;   2501.0;      0.0; 0; 742; 2; 1; -1; 2; FALSE; FALSE; 68; 32768; 32768; 68; 32768; 32768; -1; 
 1407Ó; 0;    100.0;     41.8;      0.0;      0.0; 743; 0; 1; 1; -1; 1; FALSE; FALSE; 89; 0; 0; 89; 0; 0; -1; 
 1408; 0;    201.6;    401.5;      0.0;      0.0; 743; 0; 1; 1; -1; 1; FALSE; FALSE; 89; 0; 0; 89; 0; 0; -1; 
 1409Ã; 0;    807.9;    244.1;      0.0;      0.0; 743; 0; 1; 1; -1; 1; FALSE; FALSE; 89; 0; 0; 89; 0; 0; -1; 
 1416; 0;      0.0;      0.0;   4474.0;      0.0; 0; 617; 2; 1; -1; 1; FALSE; FALSE; 68; 32768; 32768; 68; 32768; 32768; -1; 
 1418; 0;      0.0;      0.0;   1398.0;      0.0; 0; 617; 2; 1; -1; 1; FALSE; FALSE; 68; 32768; 32768; 68; 32768; 32768; -1; 
 1427; 0;      0.0;      0.0;      0.0;      0.0; 0; 0; 1; 14; -1; 1; FALSE; FALSE; 73; 0; -1; 73; 0; -1; -1; 
 1428; 0;     84.8;    278.3;      0.0;      0.0; 744; 0; 1; 1; -1; 1; FALSE; FALSE; 89; 0; 0; 89; 0; 0; -1; 
 1430Ã; 0;    208.4;   6957.7;      0.0;      0.0; 744; 0; 1; 1; -1; 1; FALSE; FALSE; 89; 0; 0; 89; 0; 0; -1; 
 1431; 0;      0.0;      0.0;      0.0;      0.0; 0; 0; 1; 14; -1; 1; FALSE; FALSE; 73; 0; -1; 73; 0; -1; -1; 
 1434; 0;      0.0;      0.0;      0.0;      0.0; 0; 0; 1; 1; -1; 1; FALSE; FALSE; 89; 0; 0; 89; 0; 0; -1; 
 1440Ã; 0;    550.3;    568.8;      0.0;      0.0; 744; 0; 1; 1; -1; 1; FALSE; FALSE; 89; 0; 0; 89; 0; 0; -1; 
 1441; 0;      0.0;      0.0;   3541.0;      0.0; 0; 720; 2; 1; -1; 1; FALSE; FALSE; 68; 32768; 32768; 68; 32768; 32768; -1; 
 1442; 0;    480.0;     51.5;      0.0;      0.0; 744; 0; 1; 1; -1; 1; FALSE; FALSE; 89; 0; 0; 89; 0; 0; -1; 
 1450Ã; 0;      0.0;      0.0;     19.0;      0.0; 0; 24; 2; 2; -1; 2; FALSE; FALSE; 96; 32768; -1; 96; 32768; -1; -1; 
 1451; 0;      0.0;      0.0;      7.0;      0.0; 0; 24; 2; 1; -1; 1; FALSE; FALSE; 68; 32768; 32768; 68; 32768; 32768; -1; 
 1452; 0;      0.0;      0.0;      0.0;      0.0; 0; 0; 1; 1; -1; 1; FALSE; FALSE; 89; 0; 0; 89; 0; 0; -1; 
 1453; 0;      0.0;      0.0;    212.0;      0.0; 0; 256; 2; 1; -1; 2; FALSE; FALSE; 68; 32768; 32768; 68; 32768; 32768; -1; 
 1454; 0;    173.1;     45.3;      0.0;      0.0; 729; 0; 1; 1; -1; 1; FALSE; FALSE; 89; 0; 0; 89; 0; 0; -1; 
 1455; 0;     18.7;    517.2;      0.0;      0.0; 744; 0; 1; 1; -1; 2; FALSE; FALSE; 89; 0; 0; 89; 0; 0; -1; 
 1456; 0;      0.0;      0.0;      0.0;      0.0; 0; 0; 2; 1; -1; 1; FALSE; FALSE; 68; 32768; 32768; 68; 32768; 32768; -1; 
 1502; 0;     82.5;    263.7;      0.0;      0.0; 744; 0; 1; 1; -1; 1; FALSE; FALSE; 89; 0; 0; 89; 0; 0; -1; 
 2000; 0;      0.0;      0.0;   1111.0;      0.0; 0; 744; 2; 1; -1; 2; FALSE; FALSE; 68; 32768; 32768; 68; 32768; 32768; -1; 
 2001; 0;      0.0;      0.0;      0.0;      0.0; 0; 0; 2; 16; -1; 2; FALSE; FALSE; 225; 32768; -1; 225; 32768; -1; -1; 
 2002; 0;      0.0;      0.0;      0.0;      0.0; 0; 0; 2; 6; -1; 2; FALSE; FALSE; 43; 32768; -1; 43; 32768; -1; -1; 
 2003; 0;      0.0;      0.0;      0.0;      0.0; 0; 0; 2; 1; -1; 2; FALSE; FALSE; 68; 32768; 32768; 68; 32768; 32768; -1; 
 2004; 0;      0.0;      0.0;      0.0;      0.0; 0; 0; 1; 7; -1; 2; FALSE; FALSE; 55; 0; -1; 55; 0; -1; -1; 
 2004Í; 0;      0.0;      0.0;      0.0;      0.0; 0; 0; 1; 6; -1; 1; FALSE; FALSE; 54; 0; -1; 54; 0; -1; -1; 
 2005; 0;      0.0;      0.0;   1494.0;      0.0; 0; 564; 2; 1; -1; 2; FALSE; FALSE; 68; 32768; 32768; 68; 32768; 32768; -1; 
 2006; 0;      0.0;      0.0;      0.0;      0.0; 0; 0; 1; 1; -1; 2; FALSE; FALSE; 89; 0; 0; 89; 0; 0; -1; 
 2007; 0;      0.0;      0.0;   1962.0;      0.0; 0; 744; 2; 1; -1; 2; FALSE; FALSE; 68; 32768; 32768; 68; 32768; 32768; -1; 
 2008; 0;      0.0;      0.0;   1209.0;      0.0; 0; 744; 2; 1; -1; 2; FALSE; FALSE; 68; 32768; 32768; 68; 32768; 32768; -1; 
 2009Ã; 0;    209.2;     35.9;      0.0;      0.0; 744; 0; 1; 1; -1; 2; FALSE; FALSE; 89; 0; 0; 89; 0; 0; -1; 
 2010; 0;    432.6;    876.8;      0.0;      0.0; 744; 0; 1; 1; -1; 2; FALSE; FALSE; 89; 0; 0; 89; 0; 0; -1; 
 2011; 0;      0.0;      0.0;      0.0;      0.0; 0; 0; 2; 9; -1; 2; FALSE; FALSE; 39; 32768; -1; 39; 32768; -1; -1; 
 2012; 0;      0.0;      0.0;      0.0;      0.0; 0; 0; 2; 1; -1; 2; FALSE; FALSE; 68; 32768; 32768; 68; 32768; 32768; -1; 
 2013; 0;      0.0;      0.0;      0.0;      0.0; 0; 0; 2; 1; -1; 2; FALSE; FALSE; 68; 32768; 32768; 68; 32768; 32768; -1; 
 2014; 0;      0.0;      0.0;    665.0;      0.0; 0; 744; 2; 1; -1; 2; FALSE; FALSE; 68; 32768; 32768; 68; 32768; 32768; -1; 
 2015; 0;      0.0;      0.0;   4229.0;      0.0; 0; 744; 2; 1; -1; 2; FALSE; FALSE; 68; 32768; 32768; 68; 32768; 32768; -1; 
 2016Ã; 0;    259.8;     46.0;      0.0;      0.0; 744; 0; 1; 1; -1; 2; FALSE; FALSE; 89; 0; 0; 89; 0; 0; -1; 
 2018Ã; 0;      0.0;      0.0;   1671.0;      0.0; 0; 742; 2; 1; -1; 2; FALSE; FALSE; 68; 32768; 32768; 68; 32768; 32768; -1; 
 2019; 0;      0.0;      0.0;      0.0;      0.0; 0; 0; 2; 1; -1; 2; FALSE; FALSE; 68; 32768; 32768; 68; 32768; 32768; -1; 
 2020; 0;      0.0;      0.0;   1416.0;      0.0; 0; 744; 2; 1; -1; 2; FALSE; FALSE; 68; 32768; 32768; 68; 32768; 32768; -1; 
 2021; 0;      0.0;      0.0;      0.0;      0.0; 0; 0; 2; 16; -1; 2; FALSE; FALSE; 225; 32768; -1; 225; 32768; -1; -1; 
 2022; 0;      0.0;      0.0;    442.0;      0.0; 0; 744; 2; 1; -1; 2; FALSE; FALSE; 68; 32768; 32768; 68; 32768; 32768; -1; 
 2023; 0;      0.0;      0.0;   3108.0;      0.0; 0; 744; 2; 1; -1; 2; FALSE; FALSE; 68; 32768; 32768; 68; 32768; 32768; -1; 
 2024; 0;      0.0;      0.0;   1000.0;      0.0; 0; 744; 2; 1; -1; 2; FALSE; FALSE; 68; 32768; 32768; 68; 32768; 32768; -1; 
 2025; 0;      0.0;      0.0;   1351.0;      0.0; 0; 744; 2; 1; -1; 2; FALSE; FALSE; 68; 32768; 32768; 68; 32768; 32768; -1; 
 2026Ã; 0;      0.0;      0.0;      0.0;      0.0; 0; 0; 2; 1; -1; 2; FALSE; FALSE; 68; 32768; 32768; 68; 32768; 32768; -1; 
 2027; 0;      0.0;      0.0;      0.0;      0.0; 0; 0; 2; 1; -1; 2; FALSE; FALSE; 68; 32768; 32768; 68; 32768; 32768; -1; 
 2028; 0;      0.0;      0.0;   2389.0;      0.0; 0; 565; 2; 1; -1; 2; FALSE; FALSE; 68; 32768; 32768; 68; 32768; 32768; -1; 
 2029; 0;    118.1;    560.9;      0.0;      0.0; 744; 0; 1; 1; -1; 2; FALSE; FALSE; 89; 0; 0; 89; 0; 0; -1; 
 2030; 0;      0.0;      0.0;      0.0;      0.0; 0; 0; 2; 7; -1; 2; FALSE; FALSE; 101; 32768; -1; 101; 32768; -1; -1; 
 2031; 0;      0.0;      0.0;      0.0;      0.0; 0; 0; 2; 14; -1; 2; FALSE; FALSE; 74; 32768; -1; 74; 32768; -1; -1; 
 2032; 0;      0.0;      0.0;   2252.0;      0.0; 0; 744; 2; 1; -1; 2; FALSE; FALSE; 68; 32768; 32768; 68; 32768; 32768; -1; 
 2033; 0;    194.5;     21.5;      0.0;      0.0; 659; 0; 1; 1; -1; 2; FALSE; FALSE; 89; 0; 0; 89; 0; 0; -1; 
 2034; 0;      0.0;      0.0;   2640.0;      0.0; 0; 744; 2; 1; -1; 2; FALSE; FALSE; 68; 32768; 32768; 68; 32768; 32768; -1; 
 2035Ã; 0;      0.0;      0.0;    882.0;      0.0; 0; 535; 1; 1; -1; 2; FALSE; FALSE; 89; 0; 0; 89; 0; 0; -1; 
 2036; 0;      0.0;      0.0;      0.0;      0.0; 0; 0; 2; 1; -1; 2; FALSE; FALSE; 68; 32768; 32768; 68; 32768; 32768; -1; 
 2037Ã; 0;     19.4;   1102.7;      0.0;      0.0; 744; 0; 1; 1; -1; 2; FALSE; FALSE; 89; 0; 0; 89; 0; 0; -1; 
 2038; 0;      0.0;      0.0;     28.0;      0.0; 0; 24; 2; 2; -1; 2; FALSE; FALSE; 96; 32768; -1; 96; 32768; -1; -1; 
 2039; 0;    105.7;     21.6;      0.0;      0.0; 744; 0; 1; 1; -1; 2; FALSE; FALSE; 89; 0; 0; 89; 0; 0; -1; 
 2040; 0;      0.0;      0.0;   1529.0;      0.0; 0; 564; 2; 1; -1; 2; FALSE; FALSE; 68; 32768; 32768; 68; 32768; 32768; -1; 
 2042; 0;      0.0;      0.0;   1900.0;      0.0; 0; 744; 2; 1; -1; 2; FALSE; FALSE; 68; 32768; 32768; 68; 32768; 32768; -1; 
 2043; 0;      0.0;      0.0;      0.0;      0.0; 0; 0; 1; 14; -1; 1; FALSE; FALSE; 73; 0; -1; 73; 0; -1; -1; 
 2044; 0;      0.0;      0.0;   2223.0;      0.0; 0; 565; 2; 1; -1; 2; FALSE; FALSE; 68; 32768; 32768; 68; 32768; 32768; -1; 
 2045; 0;      0.0;      0.0;      0.0;      0.0; 0; 0; 1; 7; -1; 2; FALSE; FALSE; 55; 0; -1; 55; 0; -1; -1; 
 2045Í; 0;     83.8;     82.8;      0.0;      0.0; 744; 0; 1; 1; -1; 2; FALSE; FALSE; 89; 0; 0; 89; 0; 0; -1; 
 2046; 0;      0.0;      0.0;    515.0;      0.0; 0; 744; 2; 1; -1; 2; FALSE; FALSE; 68; 32768; 32768; 68; 32768; 32768; -1; 
 2047; 0;    268.5;     68.3;      0.0;      0.0; 744; 0; 1; 1; -1; 1; FALSE; FALSE; 89; 0; 0; 89; 0; 0; -1; 
 2048; 0;    135.0;    668.9;      0.0;      0.0; 729; 0; 1; 1; -1; 2; FALSE; FALSE; 89; 0; 0; 89; 0; 0; -1; 
 2049; 0;      0.0;      0.0;   2223.0;      0.0; 0; 744; 2; 1; -1; 2; FALSE; FALSE; 68; 32768; 32768; 68; 32768; 32768; -1; 
 2050; 0;      0.0;      0.0;      0.0;      0.0; 0; 0; 2; 1; -1; 2; FALSE; FALSE; 68; 32768; 32768; 68; 32768; 32768; -1; 
 2051; 0;      0.0;      0.0;      0.0;      0.0; 0; 0; 1; 7; -1; 2; FALSE; FALSE; 55; 0; -1; 55; 0; -1; -1; 
 2051Í; 0;    105.4;    156.8;      0.0;      0.0; 744; 0; 1; 1; -1; 1; FALSE; FALSE; 89; 0; 0; 89; 0; 0; -1; 
 2052; 0;      0.0;      0.0;      0.0;      0.0; 0; 0; 1; 7; -1; 2; FALSE; FALSE; 55; 0; -1; 55; 0; -1; -1; 
 2052Í; 0;    207.9;    357.1;      0.0;      0.0; 744; 0; 1; 1; -1; 2; FALSE; FALSE; 89; 0; 0; 89; 0; 0; -1; 
 2053; 0;      0.0;      0.0;      0.0;      0.0; 0; 0; 2; 1; -1; 2; FALSE; FALSE; 68; 32768; 32768; 68; 32768; 32768; -1; 
 2054; 0;      0.0;      0.0;      0.0;      0.0; 0; 0; 1; 14; -1; 2; FALSE; FALSE; 73; 0; -1; 73; 0; -1; -1; 
 2055; 0;      0.0;      0.0;      0.0;      0.0; 0; 0; 1; 7; -1; 1; FALSE; FALSE; 55; 0; -1; 55; 0; -1; -1; 
 2055Ë; 0;      0.0;      0.0;   2458.0;      0.0; 0; 744; 2; 1; -1; 1; FALSE; FALSE; 68; 32768; 32768; 68; 32768; 32768; -1; 
 2056; 0;      0.0;      0.0;   1723.0;      0.0; 0; 744; 2; 1; -1; 2; FALSE; FALSE; 68; 32768; 32768; 68; 32768; 32768; -1; 
 2057; 0;      0.0;      0.0;      0.0;      0.0; 0; 0; 1; 16; -1; 2; FALSE; FALSE; 117; 0; -1; 117; 0; -1; -1; 
 2058; 0;     17.1;    376.0;      0.0;      0.0; 744; 0; 1; 1; -1; 2; FALSE; FALSE; 89; 0; 0; 89; 0; 0; -1; 
 2059; 0;      0.0;      0.0;    878.0;      0.0; 0; 506; 2; 1; -1; 2; FALSE; FALSE; 68; 32768; 32768; 68; 32768; 32768; -1; 
 2060; 0;      0.0;      0.0;   2052.0;      0.0; 0; 744; 2; 1; -1; 2; FALSE; FALSE; 68; 32768; 32768; 68; 32768; 32768; -1; 
 2062; 0;      0.0;      0.0;      0.0;      0.0; 0; 0; 2; 1; -1; 2; FALSE; FALSE; 68; 32768; 32768; 68; 32768; 32768; -1; 
 2063; 0;      0.0;      0.0;    668.0;      0.0; 0; 602; 2; 1; -1; 2; FALSE; FALSE; 68; 32768; 32768; 68; 32768; 32768; -1; 
 2064Ó; 0;      0.0;      0.0;   2255.0;      0.0; 0; 744; 2; 1; -1; 2; FALSE; FALSE; 68; 32768; 32768; 68; 32768; 32768; -1; 
 2066Ó; 0;      0.0;      0.0;      0.0;      0.0; 0; 0; 2; 16; 5; 2; FALSE; FALSE; 225; 32768; -1; 225; 32768; -1; 172; 
 2067; 0;      0.0;      0.0;    965.0;      0.0; 0; 744; 2; 1; -1; 2; FALSE; FALSE; 68; 32768; 32768; 68; 32768; 32768; -1; 
 2068; 0;      0.0;      0.0;   2581.0;      0.0; 0; 562; 2; 1; -1; 2; FALSE; FALSE; 68; 32768; 32768; 68; 32768; 32768; -1; 
 2070; 0;      0.0;      0.0;   1151.0;      0.0; 0; 744; 2; 1; -1; 2; FALSE; FALSE; 68; 32768; 32768; 68; 32768; 32768; -1; 
 2071; 0;      0.0;      0.0;      0.0;      0.0; 0; 0; 1; 14; -1; 2; FALSE; FALSE; 73; 0; -1; 73; 0; -1; -1; 
 2072; 0;      0.0;      0.0;    902.0;      0.0; 0; 744; 2; 1; -1; 2; FALSE; FALSE; 68; 32768; 32768; 68; 32768; 32768; -1; 
 2073; 0;      0.0;      0.0;      0.0;      0.0; 0; 0; 2; 1; -1; 2; FALSE; FALSE; 68; 32768; 32768; 68; 32768; 32768; -1; 
 2074; 0;      0.0;      0.0;      0.0;      0.0; 0; 0; 2; 1; -1; 2; FALSE; FALSE; 68; 32768; 32768; 68; 32768; 32768; -1; 
 2075; 0;      0.0;      0.0;      0.0;      0.0; 0; 0; 2; 16; -1; 1; FALSE; FALSE; 225; 32768; -1; 225; 32768; -1; -1; 
 2076; 0;      0.0;      0.0;      0.0;      0.0; 0; 0; 2; 1; -1; 2; FALSE; FALSE; 68; 32768; 32768; 68; 32768; 32768; -1; 
 2079; 0;      0.0;      0.0;   1094.0;      0.0; 0; 744; 2; 1; -1; 2; FALSE; FALSE; 68; 32768; 32768; 68; 32768; 32768; -1; 
 2080; 0;      0.0;      0.0;      0.0;      0.0; 0; 0; 2; 1; -1; 2; FALSE; FALSE; 68; 32768; 32768; 68; 32768; 32768; -1; 
 2081; 0;      0.0;      0.0;   1176.0;      0.0; 0; 563; 2; 1; -1; 2; FALSE; FALSE; 68; 32768; 32768; 68; 32768; 32768; -1; 
 2082Ó; 0;      0.0;      0.0;   4803.0;      0.0; 0; 744; 2; 1; 5; 2; FALSE; FALSE; 68; 32768; 32768; 68; 32768; 32768; 172; 
 2083; 0;      0.0;      0.0;     32.0;      0.0; 0; 24; 2; 2; -1; 2; FALSE; FALSE; 96; 32768; -1; 96; 32768; -1; -1; 
 2084; 0;      0.0;      0.0;      0.0;      0.0; 0; 0; 1; 7; -1; 2; FALSE; FALSE; 55; 0; -1; 55; 0; -1; -1; 
 2084Í; 0;     86.2;    664.0;      0.0;      0.0; 744; 0; 1; 1; -1; 2; FALSE; FALSE; 89; 0; 0; 89; 0; 0; -1; 
 2085Ó; 0;      0.0;      0.0;   1097.0;      0.0; 0; 526; 2; 1; 5; 2; FALSE; FALSE; 68; 32768; 32768; 68; 32768; 32768; 172; 
 2086; 0;      0.0;      0.0;   4640.0;      0.0; 0; 744; 2; 1; -1; 2; FALSE; FALSE; 68; 32768; 32768; 68; 32768; 32768; -1; 
 2087; 0;     38.3;    592.3;      0.0;      0.0; 744; 0; 1; 1; -1; 2; FALSE; FALSE; 89; 0; 0; 89; 0; 0; -1; 
 2088; 0;      0.0;      0.0;    866.0;      0.0; 0; 564; 2; 1; -1; 1; FALSE; FALSE; 68; 32768; 32768; 68; 32768; 32768; -1; 
 2089; 0;      0.0;      0.0;   1346.0;      0.0; 0; 744; 2; 1; -1; 2; FALSE; FALSE; 68; 32768; 32768; 68; 32768; 32768; -1; 
 2090Ó; 0;      0.0;      0.0;   1623.0;      0.0; 0; 744; 2; 1; 5; 2; FALSE; FALSE; 68; 32768; 32768; 68; 32768; 32768; 172; 
 2091; 0;      0.0;      0.0;      0.0;      0.0; 0; 0; 1; 6; -1; 2; FALSE; FALSE; 54; 0; -1; 54; 0; -1; -1; 
 2092; 0;      0.0;      0.0;   1997.0;      0.0; 0; 564; 2; 1; -1; 2; FALSE; FALSE; 68; 32768; 32768; 68; 32768; 32768; -1; 
 2094; 0;      0.0;      0.0;    817.0;      0.0; 0; 744; 2; 1; -1; 1; FALSE; FALSE; 68; 32768; 32768; 68; 32768; 32768; -1; 
 2095; 0;      0.0;      0.0;      0.0;      0.0; 0; 0; 1; 1; -1; 2; FALSE; FALSE; 89; 0; 0; 89; 0; 0; -1; 
 2097; 0;      0.0;      0.0;      0.0;      0.0; 0; 0; 1; 16; -1; 2; FALSE; FALSE; 117; 0; -1; 117; 0; -1; -1; 
 2098; 0;     27.5;    348.3;      0.0;      0.0; 744; 0; 1; 1; -1; 2; FALSE; FALSE; 89; 0; 0; 89; 0; 0; -1; 
 2099; 0;      0.0;      0.0;   1222.0;      0.0; 0; 206; 2; 1; -1; 2; FALSE; FALSE; 68; 32768; 32768; 68; 32768; 32768; -1; 
 2101; 0;      0.0;      0.0;      0.0;      0.0; 0; 0; 1; 16; -1; 1; FALSE; FALSE; 117; 0; -1; 117; 0; -1; -1; 
 2102; 0;      0.0;      0.0;      0.0;      0.0; 0; 0; 2; 1; -1; 2; FALSE; FALSE; 68; 32768; 32768; 68; 32768; 32768; -1; 
 2103; 0;      0.0;      0.0;      0.0;      0.0; 0; 0; 2; 9; -1; 2; FALSE; FALSE; 39; 32768; -1; 39; 32768; -1; -1; 
 2104; 0;      0.0;      0.0;      0.0;      0.0; 0; 0; 1; 14; 2; 2; TRUE; TRUE; 22; 8421504; -1; 22; 8421504; -1; 60; 
 2105; 0;      0.0;      0.0;      0.0;      0.0; 0; 0; 1; 16; -1; 1; FALSE; FALSE; 117; 0; -1; 117; 0; -1; -1; 
 2106Ó; 0;      0.0;      0.0;   1949.0;      0.0; 0; 744; 2; 1; -1; 1; FALSE; FALSE; 68; 32768; 32768; 68; 32768; 32768; -1; 
 2107; 0;      0.0;      0.0;   3446.0;      0.0; 0; 744; 2; 1; -1; 2; FALSE; FALSE; 68; 32768; 32768; 68; 32768; 32768; -1; 
 2108; 0;      0.0;      0.0;      0.0;      0.0; 0; 0; 1; 14; -1; 1; FALSE; FALSE; 73; 0; -1; 73; 0; -1; -1; 
 2109; 0;      0.0;      0.0;      0.0;      0.0; 0; 0; 2; 1; -1; 2; FALSE; FALSE; 68; 32768; 32768; 68; 32768; 32768; -1; 
 2110; 0;      0.0;      0.0;   1846.0;      0.0; 0; 542; 2; 1; -1; 1; FALSE; FALSE; 68; 32768; 32768; 68; 32768; 32768; -1; 
 2111Ó; 0;    240.5;     27.8;      0.0;      0.0; 744; 0; 1; 1; 5; 2; FALSE; FALSE; 89; 0; 0; 89; 0; 0; 172; 
 2112; 0;      0.0;      0.0;      0.0;      0.0; 0; 0; 1; 7; -1; 1; FALSE; FALSE; 55; 0; -1; 55; 0; -1; -1; 
 2112Í; 0;      0.0;      0.0;      0.0;      0.0; 0; 0; 1; 14; -1; 1; FALSE; FALSE; 73; 0; -1; 73; 0; -1; -1; 
 2113; 0;      0.0;      0.0;    990.0;      0.0; 0; 744; 2; 1; -1; 2; FALSE; FALSE; 68; 32768; 32768; 68; 32768; 32768; -1; 
 2114; 0;      0.0;      0.0;      0.0;      0.0; 0; 0; 1; 1; -1; 1; FALSE; FALSE; 89; 0; 0; 89; 0; 0; -1; 
 2115; 0;    325.7;    161.6;      0.0;      0.0; 744; 0; 1; 1; -1; 2; FALSE; FALSE; 89; 0; 0; 89; 0; 0; -1; 
 2116; 0;      0.0;      0.0;   4186.0;      0.0; 0; 744; 2; 1; -1; 2; FALSE; FALSE; 68; 32768; 32768; 68; 32768; 32768; -1; 
 2117Ã; 0;      0.0;      0.0;   3157.0;      0.0; 0; 659; 2; 1; -1; 2; FALSE; FALSE; 68; 32768; 32768; 68; 32768; 32768; -1; 
 2118Ã; 0;      0.0;      0.0;   2357.0;      0.0; 0; 563; 2; 1; -1; 2; FALSE; FALSE; 68; 32768; 32768; 68; 32768; 32768; -1; 
 2122; 0;      0.0;      0.0;   1251.0;      0.0; 0; 542; 2; 1; -1; 2; FALSE; FALSE; 68; 32768; 32768; 68; 32768; 32768; -1; 
 2123; 0;      0.0;      0.0;      0.0;      0.0; 0; 0; 2; 6; -1; 2; FALSE; FALSE; 43; 32768; -1; 43; 32768; -1; -1; 
 2127Ã; 0;    198.3;     45.5;      0.0;      0.0; 655; 0; 1; 1; -1; 2; FALSE; FALSE; 89; 0; 0; 89; 0; 0; -1; 
 2128Ã; 0;      0.0;      0.0;      0.0;      0.0; 0; 0; 1; 16; -1; 2; FALSE; FALSE; 117; 0; -1; 117; 0; -1; -1; 
 2129Ó; 0;      0.0;      0.0;      0.0;      0.0; 0; 0; 2; 1; -1; 2; FALSE; FALSE; 68; 32768; 32768; 68; 32768; 32768; -1; 
 2132Ó; 0;      0.0;      0.0;   1974.0;      0.0; 0; 744; 2; 1; 6; 2; FALSE; FALSE; 68; 32768; 32768; 68; 32768; 32768; -1; 
 2139; 0;      0.0;      0.0;      0.0;      0.0; 0; 0; 1; 6; -1; 2; FALSE; FALSE; 54; 0; -1; 54; 0; -1; -1; 
 2141; 0;      0.0;      0.0;      0.0;      0.0; 0; 0; 2; 16; -1; 2; FALSE; FALSE; 225; 32768; -1; 225; 32768; -1; -1; 
 2142Ó; 0;      7.0;    315.0;      0.0;      0.0; 338; 0; 1; 1; -1; 2; FALSE; FALSE; 89; 0; 0; 89; 0; 0; -1; 
 2143Ã; 0;     44.6;   1163.3;      0.0;      0.0; 744; 0; 1; 1; -1; 2; FALSE; FALSE; 89; 0; 0; 89; 0; 0; -1; 
 2144Ã; 0;     66.6;     26.1;      0.0;      0.0; 744; 0; 1; 1; -1; 2; FALSE; FALSE; 89; 0; 0; 89; 0; 0; -1; 
 2145Ã; 0;      0.0;      0.0;   1698.0;      0.0; 0; 744; 2; 1; -1; 2; FALSE; FALSE; 68; 32768; 32768; 68; 32768; 32768; -1; 
 2146Ã; 0;    841.1;   1204.7;      0.0;      0.0; 743; 0; 1; 1; -1; 2; FALSE; FALSE; 89; 0; 0; 89; 0; 0; -1; 
 2149; 0;      0.0;      0.0;   2029.0;      0.0; 0; 744; 2; 1; -1; 2; FALSE; FALSE; 68; 32768; 32768; 68; 32768; 32768; -1; 
 2150Ã; 0;      0.0;      0.0;   1858.0;      0.0; 0; 744; 2; 1; -1; 2; FALSE; FALSE; 68; 32768; 32768; 68; 32768; 32768; -1; 
 2153Ó; 0;      0.0;      0.0;      0.0;      0.0; 0; 0; -1; -1; -1; 2; TRUE; FALSE; 58; 8421504; -1; 22; 8421504; -1; -1; 
 2154Ó; 0;      0.0;      0.0;   2983.0;      0.0; 0; 744; 2; 1; 5; 2; FALSE; FALSE; 68; 32768; 32768; 68; 32768; 32768; 172; 
 2155Ó; 0;     20.9;   1636.4;      0.0;      0.0; 744; 0; 1; 1; -1; 2; FALSE; FALSE; 89; 0; 0; 89; 0; 0; -1; 
 2156; 0;      0.0;      0.0;   2582.0;      0.0; 0; 744; 2; 1; -1; 2; FALSE; FALSE; 68; 32768; 32768; 68; 32768; 32768; -1; 
 2157Ã; 0;      0.0;      0.0;      0.0;      0.0; 0; 0; 2; 1; -1; 2; FALSE; FALSE; 68; 32768; 32768; 68; 32768; 32768; -1; 
 2158Ó; 0;      0.0;      0.0;   1281.0;      0.0; 0; 744; 2; 1; 5; 2; FALSE; FALSE; 68; 32768; 32768; 68; 32768; 32768; 172; 
 2161Ó; 0;      0.0;      0.0;   1451.0;      0.0; 0; 744; 2; 1; 5; 2; FALSE; FALSE; 68; 32768; 32768; 68; 32768; 32768; 172; 
 2165; 0;    220.6;    310.0;      0.0;      0.0; 744; 0; 1; 1; -1; 2; FALSE; FALSE; 89; 0; 0; 89; 0; 0; -1; 
 2166; 0;      0.0;      0.0;      0.0;      0.0; 0; 0; 1; 6; -1; 2; FALSE; FALSE; 54; 0; -1; 54; 0; -1; -1; 
 2167; 0;      0.0;      0.0;   3201.0;      0.0; 0; 744; 2; 1; -1; 1; FALSE; FALSE; 68; 32768; 32768; 68; 32768; 32768; -1; 
 2168; 0;      0.0;      0.0;      0.0;      0.0; 0; 0; 2; 1; -1; 2; FALSE; FALSE; 68; 32768; 32768; 68; 32768; 32768; -1; 
 2169; 0;    219.9;     34.6;      0.0;      0.0; 744; 0; 1; 1; -1; 2; FALSE; FALSE; 89; 0; 0; 89; 0; 0; -1; 
 2170; 0;      0.0;      0.0;      0.0;      0.0; 0; 0; 2; 1; -1; 2; FALSE; FALSE; 68; 32768; 32768; 68; 32768; 32768; -1; 
 2172Ã; 0;      0.0;      0.0;   1621.0;      0.0; 0; 744; 2; 1; -1; 2; FALSE; FALSE; 68; 32768; 32768; 68; 32768; 32768; -1; 
 2174; 0;    202.6;    555.1;      0.0;      0.0; 744; 0; 1; 1; -1; 2; FALSE; FALSE; 89; 0; 0; 89; 0; 0; -1; 
 2176; 0;      0.0;      0.0;    969.0;      0.0; 0; 744; 2; 1; -1; 2; FALSE; FALSE; 68; 32768; 32768; 68; 32768; 32768; -1; 
 2177; 0;    435.0;    680.0;      0.0;      0.0; 744; 0; 1; 1; -1; 1; FALSE; FALSE; 89; 0; 0; 89; 0; 0; -1; 
 2178Ó; 0;    106.7;   2305.7;      0.0;      0.0; 744; 0; 1; 1; 5; 2; FALSE; FALSE; 89; 0; 0; 89; 0; 0; 172; 
 2179Ã; 0;      0.0;      0.0;   1515.0;      0.0; 0; 744; 2; 1; -1; 2; FALSE; FALSE; 68; 32768; 32768; 68; 32768; 32768; -1; 
 2180; 0;      0.0;      0.0;      0.0;      0.0; 0; 0; 2; 1; -1; 2; FALSE; FALSE; 68; 32768; 32768; 68; 32768; 32768; -1; 
 2181; 0;      0.0;      0.0;      0.0;      0.0; 0; 0; 2; 16; -1; 1; FALSE; FALSE; 225; 32768; -1; 225; 32768; -1; -1; 
 2183; 0;      0.0;      0.0;     23.0;      0.0; 0; 24; 2; 1; -1; 1; FALSE; FALSE; 68; 32768; 32768; 68; 32768; 32768; -1; 
 2185Ó; 0;    138.9;   1379.7;      0.0;      0.0; 744; 0; 1; 1; -1; 2; FALSE; FALSE; 89; 0; 0; 89; 0; 0; -1; 
 2186; 0;    294.5;   1037.2;      0.0;      0.0; 744; 0; 1; 1; -1; 2; FALSE; FALSE; 89; 0; 0; 89; 0; 0; -1; 
 2187; 0;    250.6;   1324.5;      0.0;      0.0; 744; 0; 1; 1; -1; 2; FALSE; FALSE; 89; 0; 0; 89; 0; 0; -1; 
 2189; 0;      0.0;      0.0;      0.0;      0.0; 0; 0; 2; 1; -1; 2; FALSE; FALSE; 68; 32768; 32768; 68; 32768; 32768; -1; 
 2190; 0;     31.4;    166.4;      0.0;      0.0; 501; 0; 1; 1; -1; 2; FALSE; FALSE; 89; 0; 0; 89; 0; 0; -1; 
 2191; 0;      0.0;      0.0;   2399.0;      0.0; 0; 744; 2; 1; -1; 2; FALSE; FALSE; 68; 32768; 32768; 68; 32768; 32768; -1; 
 2192Ã; 0;      0.0;      0.0;   1973.0;      0.0; 0; 744; 2; 1; -1; 2; FALSE; FALSE; 68; 32768; 32768; 68; 32768; 32768; -1; 
 2193; 0;      0.0;      0.0;   2921.0;      0.0; 0; 744; 2; 1; -1; 2; FALSE; FALSE; 68; 32768; 32768; 68; 32768; 32768; -1; 
 2195Ã; 0;      0.0;      0.0;      0.0;      0.0; 0; 0; 2; 16; -1; 2; FALSE; FALSE; 225; 32768; -1; 225; 32768; -1; -1; 
 2196; 0;      0.0;      0.0;   1492.0;      0.0; 0; 744; 2; 1; -1; 2; FALSE; FALSE; 68; 32768; 32768; 68; 32768; 32768; -1; 
 2198; 0;      0.0;      0.0;    576.0;      0.0; 0; 744; 2; 1; -1; 2; FALSE; FALSE; 68; 32768; 32768; 68; 32768; 32768; -1; 
 2199Ó; 0;     44.6;   1973.0;      0.0;      0.0; 744; 0; 1; 1; 5; 2; FALSE; FALSE; 89; 0; 0; 89; 0; 0; 172; 
 2201; 0;      0.0;      0.0;      0.0;      0.0; 0; 0; 2; 1; -1; 2; FALSE; FALSE; 68; 32768; 32768; 68; 32768; 32768; -1; 
 2202; 0;      0.0;      0.0;      0.0;      0.0; 0; 0; 1; 1; -1; 2; FALSE; FALSE; 89; 0; 0; 89; 0; 0; -1; 
 2203; 0;    316.0;   1452.7;      0.0;      0.0; 743; 0; 1; 1; -1; 2; FALSE; FALSE; 89; 0; 0; 89; 0; 0; -1; 
 2204; 0;      0.0;      0.0;   3181.0;      0.0; 0; 744; 2; 1; -1; 2; FALSE; FALSE; 68; 32768; 32768; 68; 32768; 32768; -1; 
 2206Ã; 0;      0.0;      0.0;   1005.0;      0.0; 0; 601; 1; 1; -1; 1; FALSE; FALSE; 89; 0; 0; 89; 0; 0; -1; 
 2207Ã; 0;      0.0;      0.0;   1000.0;      0.0; 0; 744; 2; 1; -1; 2; FALSE; FALSE; 68; 32768; 32768; 68; 32768; 32768; -1; 
 2208; 0;      0.0;      0.0;   3559.0;      0.0; 0; 602; 2; 1; -1; 2; FALSE; FALSE; 68; 32768; 32768; 68; 32768; 32768; -1; 
 2210; 0;    301.0;    940.3;      0.0;      0.0; 744; 0; 1; 1; -1; 2; FALSE; FALSE; 89; 0; 0; 89; 0; 0; -1; 
 2212; 0;      0.0;      0.0;   1541.0;      0.0; 0; 744; 2; 1; -1; 1; FALSE; FALSE; 68; 32768; 32768; 68; 32768; 32768; -1; 
 2214; 0;      0.0;      0.0;      0.0;      0.0; 0; 0; 1; 7; -1; 1; FALSE; FALSE; 55; 0; -1; 55; 0; -1; -1; 
 2214Ë; 0;      0.0;      0.0;      0.0;      0.0; 0; 0; 1; 16; -1; 1; FALSE; FALSE; 117; 0; -1; 117; 0; -1; -1; 
 2215; 0;      0.0;      0.0;      0.0;      0.0; 0; 0; 2; 16; -1; 2; FALSE; FALSE; 225; 32768; -1; 225; 32768; -1; -1; 
 2216; 0;      0.0;      0.0;   2060.0;      0.0; 0; 744; 2; 1; -1; 2; FALSE; FALSE; 68; 32768; 32768; 68; 32768; 32768; -1; 
 2217; 0;      0.0;      0.0;    210.0;      0.0; 0; 744; 2; 1; -1; 2; FALSE; FALSE; 68; 32768; 32768; 68; 32768; 32768; -1; 
 2218; 0;      0.0;      0.0;      0.0;      0.0; 0; 0; 2; 7; -1; 2; FALSE; FALSE; 101; 32768; -1; 101; 32768; -1; -1; 
 2219; 0;      0.0;      0.0;     46.0;      0.0; 0; 24; 2; 2; -1; 2; FALSE; FALSE; 96; 32768; -1; 96; 32768; -1; -1; 
 2220; 0;     68.9;    269.7;      0.0;      0.0; 559; 0; 1; 1; 5; 2; FALSE; FALSE; 89; 0; 0; 89; 0; 0; 172; 
 2221Ó; 0;      0.0;      0.0;   2099.0;      0.0; 0; 617; 2; 1; -1; 2; FALSE; FALSE; 68; 32768; 32768; 68; 32768; 32768; -1; 
 2224; 0;      0.0;      0.0;    313.0;      0.0; 0; 744; 2; 1; -1; 2; FALSE; FALSE; 68; 32768; 32768; 68; 32768; 32768; -1; 
 2225Ó; 0;      0.0;      0.0;      0.0;      0.0; 0; 0; 2; 1; 5; 2; FALSE; FALSE; 68; 32768; 32768; 68; 32768; 32768; 172; 
 2226Ó; 0;      0.0;      0.0;   2529.0;      0.0; 0; 744; 2; 1; 5; 2; FALSE; FALSE; 68; 32768; 32768; 68; 32768; 32768; 172; 
 2228; 0;      0.0;      0.0;   1303.0;      0.0; 0; 744; 2; 1; -1; 2; FALSE; FALSE; 68; 32768; 32768; 68; 32768; 32768; -1; 
 2229; 0;      0.0;      0.0;   2306.0;      0.0; 0; 744; 2; 1; -1; 2; FALSE; FALSE; 68; 32768; 32768; 68; 32768; 32768; -1; 
 2231Ó; 0;      0.0;      0.0;      0.0;      0.0; 0; 0; -1; -1; -1; 2; TRUE; FALSE; 58; 8421504; -1; 22; 8421504; -1; -1; 
 2236; 0;    128.5;    103.3;      0.0;      0.0; 744; 0; 1; 1; -1; 1; FALSE; FALSE; 89; 0; 0; 89; 0; 0; -1; 
 2240Ã; 0;    200.2;   3343.9;      0.0;      0.0; 744; 0; 1; 1; -1; 2; FALSE; FALSE; 89; 0; 0; 89; 0; 0; -1; 
 2241Ó; 0;    170.5;   1104.7;      0.0;      0.0; 744; 0; 1; 1; -1; 2; FALSE; FALSE; 89; 0; 0; 89; 0; 0; -1; 
 2249Ã; 0;      0.0;      0.0;      0.0;      0.0; 0; 0; 1; 16; -1; 2; FALSE; FALSE; 117; 0; -1; 117; 0; -1; -1; 
 2250Ó; 0;      0.0;      0.0;      0.0;      0.0; 0; 0; 2; 1; 6; 2; FALSE; FALSE; 68; 32768; 32768; 68; 32768; 32768; -1; 
 2251; 0;      0.0;      0.0;     93.0;      0.0; 0; 206; 2; 1; -1; 2; FALSE; FALSE; 68; 32768; 32768; 68; 32768; 32768; -1; 
 2252Ã; 0;      0.0;      0.0;      0.0;      0.0; 0; 0; 1; 1; -1; 2; FALSE; FALSE; 89; 0; 0; 89; 0; 0; -1; 
 2258Ó; 0;     63.1;     33.7;      0.0;      0.0; 744; 0; 1; 1; -1; 2; FALSE; FALSE; 89; 0; 0; 89; 0; 0; -1; 
 2300Ã; 0;    418.8;    410.6;      0.0;      0.0; 744; 0; 1; 1; -1; 2; FALSE; FALSE; 89; 0; 0; 89; 0; 0; -1; 
 2301Ó; 0;      0.0;      0.0;   2031.0;      0.0; 0; 744; 2; 1; -1; 2; FALSE; FALSE; 68; 32768; 32768; 68; 32768; 32768; -1; 
 2302Ã; 0;      0.0;      0.0;   1070.0;      0.0; 0; 744; 2; 1; -1; 2; FALSE; FALSE; 68; 32768; 32768; 68; 32768; 32768; -1; 
 2303Ã; 0;    484.2;    320.8;      0.0;      0.0; 741; 0; 1; 1; -1; 2; FALSE; FALSE; 89; 0; 0; 89; 0; 0; -1; 
 3001; 0;      0.0;      0.0;      0.0;      0.0; 0; 0; 1; 6; 5; 1; FALSE; FALSE; 54; 0; -1; 54; 0; -1; 172; 
 3003; 0;      0.0;      0.0;      0.0;      0.0; 0; 0; 1; 14; 2; 1; TRUE; TRUE; 22; 8421504; -1; 22; 8421504; -1; 60; 
 3005; 0;      0.0;      0.0;      0.0;      0.0; 0; 0; 1; 6; 3; 1; TRUE; TRUE; 22; 8421504; -1; 22; 8421504; -1; 61; 
 3101; 0;      0.0;      0.0;      0.0;      0.0; 0; 0; 1; 14; -1; 1; FALSE; FALSE; 73; 0; -1; 73; 0; -1; -1; 
 3101Á; 0;      0.0;      0.0;   1876.0;      0.0; 0; 744; 2; 1; -1; 1; FALSE; FALSE; 68; 32768; 32768; 68; 32768; 32768; -1; 
 3102; 0;      0.0;      0.0;      0.0;      0.0; 0; 0; 1; 14; -1; 1; FALSE; FALSE; 73; 0; -1; 73; 0; -1; -1; 
 3103; 0;      0.0;      0.0;      0.0;      0.0; 0; 0; 2; 1; -1; 2; FALSE; FALSE; 68; 32768; 32768; 68; 32768; 32768; -1; 
 3104; 0;      0.5;    262.0;      0.0;      0.0; 744; 0; 1; 1; -1; 1; FALSE; FALSE; 89; 0; 0; 89; 0; 0; -1; 
 3105Ó; 0;      0.0;      0.0;      0.0;      0.0; 0; 0; 1; 1; -1; 1; FALSE; FALSE; 89; 0; 0; 89; 0; 0; -1; 
 3106; 0;      0.0;      0.0;    679.0;      0.0; 0; 744; 2; 1; -1; 2; FALSE; FALSE; 68; 32768; 32768; 68; 32768; 32768; -1; 
 3107; 0;      0.0;      0.0;      0.0;      0.0; 0; 0; 2; 16; -1; 1; FALSE; FALSE; 225; 32768; -1; 225; 32768; -1; -1; 
 3109; 0;      0.0;      0.0;      0.0;      0.0; 0; 0; 2; 14; -1; 2; FALSE; FALSE; 74; 32768; -1; 74; 32768; -1; -1; 
 3500; 0;      3.3;    357.9;      0.0;      0.0; 744; 0; 1; 1; -1; 1; FALSE; FALSE; 89; 0; 0; 89; 0; 0; -1; 
 3501; 0;      0.0;      0.0;   1316.0;      0.0; 0; 744; 2; 1; -1; 2; FALSE; FALSE; 68; 32768; 32768; 68; 32768; 32768; -1; 
 3502; 0;      0.0;      0.0;    110.0;      0.0; 0; 72; 1; 1; -1; 1; FALSE; FALSE; 89; 0; 0; 89; 0; 0; -1; 
 3502; 1;      0.0;      0.0;      0.0;      0.0; 0; 0; -1; -1; -1; -1; FALSE; FALSE; 22; 8421504; -1; 22; 8421504; -1; -1; 
 4001; 0;      0.0;      0.0;    744.0;      0.0; 0; 744; 2; 1; 5; 1; FALSE; FALSE; 68; 32768; 32768; 68; 32768; 32768; 172; 
